picsfits
 6  4 2 0 0.4789E+02 0.3942E+01 0.1219E+03 0.1499E+02 0.7489E+01 0.0000E+00
 6  4 1 0 0.3289E+03 0.8370E+02 0.8067E+02 0.7471E+02 0.1442E+01 0.0000E+00
 6  3 2 0 0.6449E+02 0.7843E+01 0.7109E+02 0.2828E+02 0.4754E+01 0.0000E+00
 6  3 1 0 0.3522E+03 0.8412E+02 0.8111E+02 0.7459E+02 0.1428E+01 0.0000E+00
 6  2 1 0 0.3921E+03 0.4624E+02 0.2344E+03 0.2183E+02 0.2581E+01 0.0000E+00
 6  1 1 0 0.4900E+03 0.1548E+02 0.1521E+04 0.3288E+02 0.2963E+01 0.0000E+00
 7  5 2 1 0.4745E+02 0.1925E+02 0.9400E+02 0.1152E+03 0.3194E+01 0.5496E+00
 7  5 2 0 0.5545E+02 0.5853E+01 0.1908E+03 0.6264E+01 0.9711E+01 0.0000E+00
 7  5 1 0 0.4473E+03 0.1220E+03 0.5235E+02 0.9428E+02 0.1335E+01 0.0000E+00
 7  4 2 0 0.7747E+02 0.6225E+01 0.1110E+03 0.1733E+02 0.6719E+01 0.0000E+00
 7  4 1 0 0.4753E+03 0.1070E+03 0.7046E+02 0.5342E+02 0.1552E+01 0.0000E+00
 7  3 2 0 0.9789E+02 0.1862E+02 0.3447E+02 0.4231E+02 0.3606E+01 0.0000E+00
 7  3 1 0 0.5043E+03 0.1060E+03 0.7304E+02 0.5547E+02 0.1538E+01 0.0000E+00
 7  2 1 0 0.5521E+03 0.6943E+02 0.1519E+03 0.2627E+02 0.2315E+01 0.0000E+00
 7  1 1 0 0.6671E+03 0.2108E+02 0.1117E+04 0.3288E+02 0.2963E+01 0.0000E+00
 8  6 2 1 0.5494E+02 0.2067E+02 0.2318E+03 0.7136E+02 0.3618E+01 0.5538E-01
 8  6 2 0 0.6551E+02 0.1594E+02 0.1217E+03 0.6156E+01 0.7271E+01 0.0000E+00
 8  6 1 0 0.5840E+03 0.1620E+03 0.3939E+02 0.1104E+03 0.1289E+01 0.0000E+00
 8  5 2 1 0.7741E+02 0.1937E+02 0.1619E+03 0.7312E+02 0.3648E+01 0.3760E-01
 8  5 2 0 0.8737E+02 0.7942E+01 0.1063E+03 0.9708E+01 0.8183E+01 0.0000E+00
 8  5 1 0 0.6144E+03 0.1593E+03 0.4123E+02 0.1141E+03 0.1287E+01 0.0000E+00
 8  4 2 0 0.1139E+03 0.8467E+01 0.9641E+02 0.2287E+02 0.6061E+01 0.0000E+00
 8  4 1 0 0.6491E+03 0.1377E+03 0.5735E+02 0.5486E+02 0.1540E+01 0.0000E+00
 8  3 2 0 0.1381E+03 0.9141E+01 0.6896E+02 0.3896E+02 0.4943E+01 0.0000E+00
 8  3 1 0 0.6837E+03 0.1354E+03 0.6029E+02 0.5682E+02 0.1533E+01 0.0000E+00
 8  2 1 0 0.7393E+03 0.8709E+02 0.1329E+03 0.2535E+02 0.2336E+01 0.0000E+00
 8  1 1 0 0.8714E+03 0.2754E+02 0.8554E+03 0.3288E+02 0.2963E+01 0.0000E+00
10  8 2 1 0.6346E+02 0.3485E+02 0.2451E+03 0.6937E+02 0.3645E+01 0.2042E+00
10  8 2 0 0.8721E+02 0.3192E+02 0.3797E+02 0.1054E+02 0.5652E+01 0.0000E+00
10  8 1 0 0.9131E+03 0.2387E+03 0.2943E+02 0.6525E+02 0.1424E+01 0.0000E+00
10  7 2 1 0.9712E+02 0.3494E+02 0.2214E+03 0.7203E+02 0.3563E+01 0.2573E+00
10  7 2 0 0.1132E+03 0.3092E+02 0.4190E+02 0.1139E+02 0.5554E+01 0.0000E+00
10  7 1 0 0.9480E+03 0.2360E+03 0.3027E+02 0.6734E+02 0.1422E+01 0.0000E+00
10  6 2 1 0.1262E+03 0.3316E+02 0.1962E+03 0.7397E+02 0.3563E+01 0.2895E+00
10  6 2 0 0.1415E+03 0.2615E+02 0.5421E+02 0.1117E+02 0.5907E+01 0.0000E+00
10  6 1 0 0.9873E+03 0.2343E+03 0.3097E+02 0.6907E+02 0.1416E+01 0.0000E+00
10  5 2 1 0.1579E+03 0.2740E+02 0.1717E+03 0.6423E+02 0.3819E+01 0.1680E+00
10  5 2 0 0.1719E+03 0.2496E+02 0.5575E+02 0.1427E+02 0.5562E+01 0.0000E+00
10  5 1 0 0.1031E+04 0.2308E+03 0.3232E+02 0.7167E+02 0.1411E+01 0.0000E+00
10  4 2 0 0.2073E+03 0.2822E+02 0.4978E+02 0.2600E+02 0.4500E+01 0.0000E+00
10  4 1 0 0.1078E+04 0.1886E+03 0.5011E+02 0.5000E+02 0.1650E+01 0.0000E+00
10  3 2 0 0.2391E+03 0.2859E+02 0.2897E+02 0.3836E+02 0.3992E+01 0.0000E+00
10  3 1 0 0.1125E+04 0.2193E+03 0.3719E+02 0.8181E+02 0.1396E+01 0.0000E+00
10  2 1 0 0.1196E+04 0.1586E+03 0.6695E+02 0.3352E+02 0.2002E+01 0.0000E+00
10  1 1 0 0.1362E+04 0.4304E+02 0.5475E+03 0.3288E+02 0.2963E+01 0.0000E+00
12 10 2 1 0.8014E+02 0.5319E+02 0.2104E+03 0.7813E+02 0.3630E+01 0.2851E+00
12 10 2 0 0.1111E+03 0.4804E+02 0.1914E+02 0.1613E+02 0.5050E+01 0.0000E+00
12 10 1 0 0.1317E+04 0.3607E+03 0.1877E+02 0.1401E+03 0.1238E+01 0.0000E+00
12  9 2 1 0.1093E+03 0.5137E+02 0.2223E+03 0.9301E+02 0.3513E+01 0.5276E-02
12  9 2 0 0.1411E+03 0.4810E+02 0.2118E+02 0.1675E+02 0.4941E+01 0.0000E+00
12  9 1 0 0.1356E+04 0.3345E+03 0.2212E+02 0.7147E+02 0.1413E+01 0.0000E+00
12  8 2 1 0.1413E+03 0.5114E+02 0.2134E+03 0.9563E+02 0.3438E+01 0.5419E-02
12  8 2 0 0.1735E+03 0.4710E+02 0.2448E+02 0.1636E+02 0.4951E+01 0.0000E+00
12  8 1 0 0.1400E+04 0.3259E+03 0.2350E+02 0.6173E+02 0.1464E+01 0.0000E+00
12  7 2 1 0.1865E+03 0.4155E+02 0.2901E+03 0.5000E+02 0.4000E+01 0.3000E+00
12  7 2 0 0.2076E+03 0.4500E+02 0.2434E+02 0.2600E+02 0.4500E+01 0.0000E+00
12  7 1 0 0.1449E+04 0.2777E+03 0.3278E+02 0.5000E+02 0.1650E+01 0.0000E+00
12  6 2 1 0.2249E+03 0.4016E+02 0.2442E+03 0.5000E+02 0.4000E+01 0.3000E+00
12  6 2 0 0.2444E+03 0.4341E+02 0.2832E+02 0.2600E+02 0.4500E+01 0.0000E+00
12  6 1 0 0.1501E+04 0.2742E+03 0.3407E+02 0.5000E+02 0.1650E+01 0.0000E+00
12  5 2 1 0.2660E+03 0.2461E+02 0.3546E+03 0.6160E+02 0.4366E+01 0.6452E-02
12  5 2 0 0.2839E+03 0.3967E+02 0.3755E+02 0.1873E+02 0.4950E+01 0.0000E+00
12  5 1 0 0.1558E+04 0.3082E+03 0.2721E+02 0.5108E+02 0.1539E+01 0.0000E+00
12  4 2 0 0.3282E+03 0.3981E+02 0.3936E+02 0.2600E+02 0.4500E+01 0.0000E+00
12  4 1 0 0.1618E+04 0.2671E+03 0.3699E+02 0.5000E+02 0.1650E+01 0.0000E+00
12  3 2 0 0.3675E+03 0.4041E+02 0.2228E+02 0.3904E+02 0.3986E+01 0.0000E+00
12  3 1 0 0.1675E+04 0.2858E+03 0.3290E+02 0.5384E+02 0.1560E+01 0.0000E+00
12  2 1 0 0.1762E+04 0.2042E+03 0.6140E+02 0.2778E+02 0.2161E+01 0.0000E+00
12  1 1 0 0.1963E+04 0.6203E+02 0.3802E+03 0.3288E+02 0.2963E+01 0.0000E+00
14 11 3 0 0.4514E+02 0.1288E+02 0.6083E+01 0.1356E+07 0.3353E+01 0.0000E+00
14 11 2 1 0.1466E+03 0.6482E+02 0.2326E+03 0.1188E+03 0.3547E+01 0.8417E-03
14 11 2 0 0.1899E+03 0.5977E+02 0.1486E+02 0.2786E+02 0.4565E+01 0.0000E+00
14 11 1 0 0.1868E+04 0.3131E+03 0.3784E+02 0.2017E+02 0.2186E+01 0.0000E+00
14 10 2 1 0.1668E+03 0.7021E+02 0.2109E+03 0.8199E+02 0.3588E+01 0.6329E-04
14 10 2 0 0.2076E+03 0.6653E+02 0.1463E+02 0.2200E+02 0.4611E+01 0.0000E+00
14 10 1 0 0.1887E+04 0.3460E+03 0.3100E+02 0.1979E+02 0.2094E+01 0.0000E+00
14  9 2 1 0.2051E+03 0.6007E+02 0.2789E+03 0.5000E+02 0.4000E+01 0.3000E+00
14  9 2 0 0.2468E+03 0.6237E+02 0.1648E+02 0.2600E+02 0.4500E+01 0.0000E+00
14  9 1 0 0.1946E+04 0.3799E+03 0.2398E+02 0.5000E+02 0.1650E+01 0.0000E+00
14  8 2 1 0.2465E+03 0.5786E+02 0.2777E+03 0.5000E+02 0.4000E+01 0.3000E+00
14  8 2 0 0.2872E+03 0.6086E+02 0.1857E+02 0.2600E+02 0.4500E+01 0.0000E+00
14  8 1 0 0.2001E+04 0.3759E+03 0.2474E+02 0.5000E+02 0.1650E+01 0.0000E+00
14  7 2 1 0.3032E+03 0.5911E+02 0.2326E+03 0.6806E+02 0.3718E+01 0.2813E-04
14  7 2 0 0.3310E+03 0.6593E+02 0.2049E+02 0.2121E+02 0.4515E+01 0.0000E+00
14  7 1 0 0.2058E+04 0.3442E+03 0.3135E+02 0.2260E+02 0.2020E+01 0.0000E+00
14  6 2 1 0.3511E+03 0.5486E+02 0.2031E+03 0.5000E+02 0.4000E+01 0.3000E+00
14  6 2 0 0.3756E+03 0.5745E+02 0.2394E+02 0.2600E+02 0.4500E+01 0.0000E+00
14  6 1 0 0.2125E+04 0.3679E+03 0.2641E+02 0.5000E+02 0.1650E+01 0.0000E+00
14  5 2 1 0.4014E+03 0.3950E+02 0.2223E+03 0.6521E+02 0.4118E+01 0.4760E-04
14  5 2 0 0.4234E+03 0.6098E+02 0.2624E+02 0.2213E+02 0.4520E+01 0.0000E+00
14  5 1 0 0.2194E+04 0.3356E+03 0.3343E+02 0.2487E+02 0.1982E+01 0.0000E+00
14  4 2 0 0.4761E+03 0.5350E+02 0.3155E+02 0.2600E+02 0.4500E+01 0.0000E+00
14  4 1 0 0.2268E+04 0.3599E+03 0.2832E+02 0.5000E+02 0.1650E+01 0.0000E+00
14  3 2 0 0.5235E+03 0.4847E+02 0.1966E+02 0.3851E+02 0.4148E+01 0.0000E+00
14  3 1 0 0.2336E+04 0.3150E+03 0.3880E+02 0.3034E+02 0.1925E+01 0.0000E+00
14  2 1 0 0.2438E+04 0.2752E+03 0.4754E+02 0.2848E+02 0.2135E+01 0.0000E+00
14  1 1 0 0.2673E+04 0.8447E+02 0.2793E+03 0.3288E+02 0.2963E+01 0.0000E+00
16 13 3 1 0.4731E+02 0.3325E+02 0.1099E+02 0.3639E+02 0.5977E+01 0.3761E+00
16 13 3 0 0.5750E+02 0.2143E+02 0.9080E+01 0.7224E+03 0.3618E+01 0.0000E+00
16 13 2 1 0.2164E+03 0.8744E+02 0.2037E+03 0.9310E+02 0.3565E+01 0.9497E-02
16 13 2 0 0.2703E+03 0.8665E+02 0.1155E+02 0.3202E+02 0.4227E+01 0.0000E+00
16 13 1 0 0.2502E+04 0.5523E+03 0.1504E+02 0.5527E+02 0.1517E+01 0.0000E+00
16 12 3 0 0.7268E+02 0.1271E+02 0.1363E+02 0.2570E+03 0.4361E+01 0.0000E+00
16 12 2 1 0.2350E+03 0.7411E+02 0.2919E+03 0.4864E+02 0.4142E+01 0.2785E-01
16 12 2 0 0.2888E+03 0.7355E+02 0.1407E+02 0.2397E+02 0.4754E+01 0.0000E+00
16 12 1 0 0.2522E+04 0.4813E+03 0.2029E+02 0.3854E+02 0.1736E+01 0.0000E+00
16 11 3 0 0.8805E+02 0.1413E+02 0.9139E+01 0.1656E+04 0.3626E+01 0.0000E+00
16 11 2 1 0.2557E+03 0.5747E+02 0.4712E+03 0.3610E+02 0.4742E+01 0.2480E-01
16 11 2 0 0.3094E+03 0.6780E+02 0.1495E+02 0.2519E+02 0.4826E+01 0.0000E+00
16 11 1 0 0.2544E+04 0.4681E+03 0.2148E+02 0.4092E+02 0.1738E+01 0.0000E+00
16 10 2 1 0.2809E+03 0.7813E+02 0.2751E+03 0.4495E+02 0.4110E+01 0.2108E-01
16 10 2 0 0.3321E+03 0.8439E+02 0.1291E+02 0.2335E+02 0.4545E+01 0.0000E+00
16 10 1 0 0.2569E+04 0.4952E+03 0.1916E+02 0.3555E+02 0.1742E+01 0.0000E+00
16  9 2 1 0.3282E+03 0.7695E+02 0.2615E+03 0.5000E+02 0.4000E+01 0.3000E+00
16  9 2 0 0.3797E+03 0.7905E+02 0.1462E+02 0.2600E+02 0.4500E+01 0.0000E+00
16  9 1 0 0.2641E+04 0.4891E+03 0.1931E+02 0.5000E+02 0.1650E+01 0.0000E+00
16  8 2 1 0.3791E+03 0.6911E+02 0.2970E+03 0.5519E+02 0.4011E+01 0.2178E-01
16  8 2 0 0.4296E+03 0.8031E+02 0.1659E+02 0.2170E+02 0.4615E+01 0.0000E+00
16  8 1 0 0.2705E+04 0.4937E+03 0.1946E+02 0.3568E+02 0.1737E+01 0.0000E+00
16  7 2 1 0.4471E+03 0.7326E+02 0.2213E+03 0.5000E+02 0.4000E+01 0.3000E+00
16  7 2 0 0.4804E+03 0.7555E+02 0.1812E+02 0.2600E+02 0.4500E+01 0.0000E+00
16  7 1 0 0.2782E+04 0.4802E+03 0.2041E+02 0.5000E+02 0.1650E+01 0.0000E+00
16  6 2 1 0.5048E+03 0.7213E+02 0.1689E+03 0.5000E+02 0.4000E+01 0.3000E+00
16  6 2 0 0.5346E+03 0.7360E+02 0.2030E+02 0.2600E+02 0.4500E+01 0.0000E+00
16  6 1 0 0.2859E+04 0.4758E+03 0.2101E+02 0.5000E+02 0.1650E+01 0.0000E+00
16  5 2 1 0.5647E+03 0.5542E+02 0.1641E+03 0.6822E+02 0.4000E+01 0.4183E-01
16  5 2 0 0.5906E+03 0.6791E+02 0.2451E+02 0.2306E+02 0.4707E+01 0.0000E+00
16  5 1 0 0.2941E+04 0.4828E+03 0.2087E+02 0.3742E+02 0.1720E+01 0.0000E+00
16  4 2 0 0.6517E+03 0.6930E+02 0.2571E+02 0.2600E+02 0.4500E+01 0.0000E+00
16  4 1 0 0.3029E+04 0.4669E+03 0.2233E+02 0.5000E+02 0.1650E+01 0.0000E+00
16  3 2 0 0.7072E+03 0.4414E+02 0.2178E+02 0.4365E+02 0.4480E+01 0.0000E+00
16  3 1 0 0.3107E+04 0.4667E+03 0.2293E+02 0.4459E+02 0.1668E+01 0.0000E+00
16  2 1 0 0.3224E+04 0.4390E+03 0.2453E+02 0.4405E+02 0.1765E+01 0.0000E+00
16  1 1 0 0.3494E+04 0.1104E+03 0.2139E+03 0.3288E+02 0.2963E+01 0.0000E+00
26 21 3 2 0.9906E+02 0.4487E+02 0.2082E+03 0.9579E+02 0.5914E+01 0.2368E-01
26 21 3 1 0.1527E+03 0.7260E+02 0.5246E+02 0.2751E+02 0.6823E+01 0.2105E-01
26 21 3 0 0.1876E+03 0.5277E+02 0.6047E+01 0.2797E+03 0.3910E+01 0.0000E+00
26 21 2 1 0.8202E+03 0.1952E+03 0.1709E+03 0.5690E+02 0.3953E+01 0.1330E-04
26 21 2 0 0.9383E+03 0.1803E+03 0.7682E+01 0.2415E+02 0.4757E+01 0.0000E+00
26 21 1 0 0.7177E+04 0.1113E+04 0.1049E+02 0.3537E+02 0.1874E+01 0.0000E+00
26 20 3 2 0.1250E+03 0.4332E+02 0.1701E+03 0.9791E+02 0.5905E+01 0.2604E-01
26 20 3 1 0.1783E+03 0.7433E+02 0.5210E+02 0.3306E+02 0.6509E+01 0.2404E-01
26 20 3 0 0.2135E+03 0.5365E+02 0.6463E+01 0.3169E+03 0.3824E+01 0.0000E+00
26 20 2 1 0.8512E+03 0.1840E+03 0.1920E+03 0.5238E+02 0.4082E+01 0.1377E-04
26 20 2 0 0.9693E+03 0.1694E+03 0.8138E+01 0.2316E+02 0.4905E+01 0.0000E+00
26 20 1 0 0.7207E+04 0.1110E+04 0.1055E+02 0.3563E+02 0.1873E+01 0.0000E+00
26 19 3 2 0.1511E+03 0.3652E+02 0.1323E+03 0.9277E+02 0.6150E+01 0.2051E-01
26 19 3 1 0.2055E+03 0.7556E+02 0.5336E+02 0.3855E+02 0.6265E+01 0.2667E-01
26 19 3 0 0.2409E+03 0.5450E+02 0.6938E+01 0.3605E+03 0.3741E+01 0.0000E+00
26 19 2 1 0.8849E+03 0.1788E+03 0.2032E+03 0.5293E+02 0.4107E+01 0.1398E-04
26 19 2 0 0.1003E+04 0.1694E+03 0.8158E+01 0.2345E+02 0.4887E+01 0.0000E+00
26 19 1 0 0.7240E+04 0.1103E+04 0.1067E+02 0.3584E+02 0.1876E+01 0.0000E+00
26 18 3 1 0.2336E+03 0.7704E+02 0.5530E+02 0.4380E+02 0.6059E+01 0.2673E-01
26 18 3 0 0.2696E+03 0.5701E+02 0.7237E+01 0.4092E+03 0.3643E+01 0.0000E+00
26 18 2 1 0.9211E+03 0.1715E+03 0.2205E+03 0.5298E+02 0.4154E+01 0.1508E-04
26 18 2 0 0.1039E+04 0.1706E+03 0.8130E+01 0.2387E+02 0.4850E+01 0.0000E+00
26 18 1 0 0.7275E+04 0.1102E+04 0.1068E+02 0.3576E+02 0.1878E+01 0.0000E+00
26 17 3 1 0.2621E+03 0.7914E+02 0.4686E+02 0.5125E+02 0.5835E+01 0.2574E-01
26 17 3 0 0.2990E+03 0.5854E+02 0.7650E+01 0.4679E+03 0.3561E+01 0.0000E+00
26 17 2 1 0.9590E+03 0.1647E+03 0.2392E+03 0.5276E+02 0.4204E+01 0.1574E-04
26 17 2 0 0.1076E+04 0.1710E+03 0.8135E+01 0.2440E+02 0.4817E+01 0.0000E+00
26 17 1 0 0.7316E+04 0.1098E+04 0.1078E+02 0.3596E+02 0.1878E+01 0.0000E+00
26 16 3 1 0.2902E+03 0.7972E+02 0.3922E+02 0.5574E+02 0.5729E+01 0.2828E-01
26 16 3 0 0.3292E+03 0.6060E+02 0.7963E+01 0.5214E+03 0.3487E+01 0.0000E+00
26 16 2 1 0.9983E+03 0.1632E+03 0.2449E+03 0.5452E+02 0.4187E+01 0.1594E-04
26 16 2 0 0.1115E+04 0.1714E+03 0.8138E+01 0.2516E+02 0.4774E+01 0.0000E+00
26 16 1 0 0.7359E+04 0.1095E+04 0.1084E+02 0.3598E+02 0.1880E+01 0.0000E+00
26 15 3 1 0.3308E+03 0.8150E+02 0.3022E+02 0.6039E+02 0.5612E+01 0.2772E-01
26 15 3 0 0.3600E+03 0.6329E+02 0.8143E+01 0.5637E+03 0.3421E+01 0.0000E+00
26 15 2 1 0.1039E+04 0.1383E+03 0.3325E+03 0.5090E+02 0.4446E+01 0.1114E-04
26 15 2 0 0.1155E+04 0.1720E+03 0.8161E+01 0.2570E+02 0.4741E+01 0.0000E+00
26 15 1 0 0.7403E+04 0.1096E+04 0.1083E+02 0.3612E+02 0.1878E+01 0.0000E+00
26 14 3 1 0.3610E+03 0.8203E+02 0.2092E+02 0.6128E+02 0.5596E+01 0.3441E-01
26 14 3 0 0.3916E+03 0.6712E+02 0.8093E+01 0.5886E+03 0.3360E+01 0.0000E+00
26 14 2 1 0.1081E+04 0.1392E+03 0.3316E+03 0.5237E+02 0.4410E+01 0.1107E-04
26 14 2 0 0.1197E+04 0.1722E+03 0.8199E+01 0.2626E+02 0.4710E+01 0.0000E+00
26 14 1 0 0.7450E+04 0.1103E+04 0.1069E+02 0.3585E+02 0.1875E+01 0.0000E+00
26 13 3 1 0.3922E+03 0.7993E+02 0.1135E+02 0.5807E+02 0.5676E+01 0.6512E-01
26 13 3 0 0.4238E+03 0.7077E+02 0.7969E+01 0.5650E+03 0.3329E+01 0.0000E+00
26 13 2 1 0.1125E+04 0.1387E+03 0.3367E+03 0.5279E+02 0.4407E+01 0.1111E-04
26 13 2 0 0.1240E+04 0.1724E+03 0.8240E+01 0.2693E+02 0.4675E+01 0.0000E+00
26 13 1 0 0.7499E+04 0.1112E+04 0.1052E+02 0.3562E+02 0.1871E+01 0.0000E+00
26 12 3 0 0.4570E+03 0.4064E+02 0.1228E+02 0.1800E+03 0.4200E+01 0.0000E+00
26 12 2 1 0.1181E+04 0.2136E+03 0.1496E+03 0.7000E+02 0.3700E+01 0.1000E+00
26 12 2 0 0.1287E+04 0.1967E+03 0.7555E+01 0.2600E+02 0.4500E+01 0.0000E+00
26 12 1 0 0.7553E+04 0.1258E+04 0.8097E+01 0.5000E+02 0.1650E+01 0.0000E+00
26 11 3 0 0.4893E+03 0.2873E+02 0.1207E+02 0.5150E+03 0.3846E+01 0.0000E+00
26 11 2 1 0.1216E+04 0.1396E+03 0.3383E+03 0.5459E+02 0.4366E+01 0.1179E-04
26 11 2 0 0.1329E+04 0.1363E+03 0.9940E+01 0.3026E+02 0.4885E+01 0.0000E+00
26 11 1 0 0.7599E+04 0.1061E+04 0.1161E+02 0.3713E+02 0.1889E+01 0.0000E+00
26 10 2 1 0.1262E+04 0.1412E+03 0.3368E+03 0.5569E+02 0.4328E+01 0.1177E-04
26 10 2 0 0.1375E+04 0.1534E+03 0.9191E+01 0.2691E+02 0.4849E+01 0.0000E+00
26 10 1 0 0.7651E+04 0.1067E+04 0.1150E+02 0.3412E+02 0.1922E+01 0.0000E+00
26  9 2 1 0.1358E+04 0.1999E+03 0.1561E+03 0.5000E+02 0.4000E+01 0.3000E+00
26  9 2 0 0.1460E+04 0.1940E+03 0.8150E+01 0.2600E+02 0.4500E+01 0.0000E+00
26  9 1 0 0.7769E+04 0.1249E+04 0.8327E+01 0.5000E+02 0.1650E+01 0.0000E+00
26  8 2 1 0.1456E+04 0.1338E+03 0.3000E+03 0.7010E+02 0.4143E+01 0.1631E-04
26  8 2 0 0.1559E+04 0.1623E+03 0.1000E+02 0.2675E+02 0.4711E+01 0.0000E+00
26  8 1 0 0.7918E+04 0.1068E+04 0.1155E+02 0.3578E+02 0.1895E+01 0.0000E+00
26  7 2 1 0.1582E+04 0.1975E+03 0.1093E+03 0.5000E+02 0.4000E+01 0.3000E+00
26  7 2 0 0.1648E+04 0.1888E+03 0.9298E+01 0.2600E+02 0.4500E+01 0.0000E+00
26  7 1 0 0.8041E+04 0.1235E+04 0.8619E+01 0.5000E+02 0.1650E+01 0.0000E+00
26  6 2 1 0.1689E+04 0.1970E+03 0.7720E+02 0.5000E+02 0.4000E+01 0.3000E+00
26  6 2 0 0.1745E+04 0.1860E+03 0.9942E+01 0.2600E+02 0.4500E+01 0.0000E+00
26  6 1 0 0.8184E+04 0.1228E+04 0.8773E+01 0.5000E+02 0.1650E+01 0.0000E+00
26  5 2 1 0.1799E+04 0.8070E+02 0.2675E+03 0.1191E+03 0.4194E+01 0.1901E-04
26  5 2 0 0.1847E+04 0.1708E+03 0.1125E+02 0.2839E+02 0.4500E+01 0.0000E+00
26  5 1 0 0.8350E+04 0.1066E+04 0.1181E+02 0.4116E+02 0.1827E+01 0.0000E+00
26  4 2 0 0.1950E+04 0.1799E+03 0.1138E+02 0.2600E+02 0.4500E+01 0.0000E+00
26  4 1 0 0.8484E+04 0.1215E+04 0.9098E+01 0.5000E+02 0.1650E+01 0.0000E+00
26  3 2 0 0.2046E+04 0.1873E+03 0.5833E+01 0.3849E+02 0.3998E+01 0.0000E+00
26  3 1 0 0.8638E+04 0.1087E+04 0.1157E+02 0.5086E+02 0.1722E+01 0.0000E+00
26  2 1 0 0.8829E+04 0.1057E+04 0.1195E+02 0.5769E+02 0.1718E+01 0.0000E+00
26  1 1 0 0.9278E+04 0.2932E+03 0.8099E+02 0.3288E+02 0.2963E+01 0.0000E+00
linedata
  6  1 1s(2S)-2p(2P)            1  1.00  2.0  2.0  6.0 3.675E-01 4.160E-01 3.675E-01 1.395E-01
  6  1 2s(2S)-3p(2P)            0  0.00  2.0  2.0  6.0 6.801E-02 0.000E+00 4.356E-01 2.635E-02
  6  2 1s2(1S)-1s.2p(1P)        1  0.25  1.0  1.0  3.0 3.079E-01 6.480E-01 3.079E-01 1.085E-01
  6  2 1s2(1S)-1s.2p(3P)        0  0.75  1.0  1.0  9.0 3.046E-01 0.000E+00 3.046E-01 1.998E-02
  6  2 1s.2p(3P)-1s.3d(3D)      0  0.00  1.0  9.0 15.0 4.964E-02 0.000E+00 3.543E-01 5.829E-04
  6  3 2s(2S)-2p(2P)            1  1.00  2.0  2.0  6.0 8.004E-03 2.850E-01 8.004E-03 1.002E+01
  6  3 2s(2S)-3p(2P)            1  0.00  2.0  2.0  6.0 3.968E-02 2.030E-01 3.968E-02 4.882E-01
  6  3 2p(2P)-3s(2S)            0  0.80  2.0  6.0  2.0 2.955E-02 0.000E+00 3.756E-02 4.876E-01
  6  3 2p(2P)-3d(2D)            0  0.20  2.0  6.0 10.0 3.228E-02 0.000E+00 4.028E-02 7.907E-01
  6  4 2s2(1S)-2s.2p(1P)        1  0.25  1.0  1.0  3.0 1.269E-02 7.670E-01 1.269E-02 5.615E+00
  6  4 2s2(1S)-2s.3p(1P)        1  0.00  1.0  1.0  3.0 3.210E-02 2.320E-01 3.210E-02 1.571E-01
  6  4 2s.2p(1P)-2s.3s(1S)      0  0.20  1.0  3.0  1.0 1.796E-02 0.000E+00 3.065E-02 3.091E-01
  6  4 2s.2p(3P)-2s.3s(3S)      0  0.60  1.0  9.0  3.0 2.304E-02 0.000E+00 2.953E-02 3.865E-02
  6  4 2s.2p(1P)-2s.3d(1D)      0  0.20  1.0  3.0  5.0 2.159E-02 0.000E+00 3.428E-02 4.080E-01
  7  1 1s(2S)-2p(2P)            1  1.00  2.0  2.0  6.0 5.003E-01 4.160E-01 5.003E-01 1.055E-01
  7  1 2s(2S)-3p(2P)            0  0.00  2.0  2.0  6.0 9.260E-02 0.000E+00 5.930E-01 1.970E-02
  7  2 1s2(1S)-1s.2p(1P)        1  0.25  1.0  1.0  3.0 4.307E-01 6.750E-01 4.307E-01 8.123E-02
  7  2 1s2(1S)-1s.2p(3P)        0  0.75  1.0  1.0  9.0 4.261E-01 0.000E+00 4.261E-01 1.431E-02
  7  2 1s.2p(3P)-1s.3d(3D)      0  0.00  1.0  9.0 15.0 7.155E-02 0.000E+00 4.976E-01 4.403E-04
  7  3 2s(2S)-2p(2P)            1  1.00  2.0  2.0  6.0 9.998E-03 2.350E-01 9.998E-03 7.834E+00
  7  3 2s(2S)-3p(2P)            1  0.00  2.0  2.0  6.0 5.924E-02 2.380E-01 5.924E-02 3.770E-01
  7  3 2p(2P)-3s(2S)            0  0.80  2.0  6.0  2.0 4.656E-02 0.000E+00 5.655E-02 3.200E-01
  7  3 2p(2P)-3d(2D)            0  0.20  2.0  6.0 10.0 5.006E-02 0.000E+00 6.006E-02 5.674E-01
  7  4 2s2(1S)-2s.2p(1P)        1  0.25  1.0  1.0  3.0 1.620E-02 6.160E-01 1.620E-02 4.093E+00
  7  4 2s2(1S)-2s.3p(1P)        1  0.00  1.0  1.0  3.0 5.015E-02 3.270E-01 5.015E-02 1.467E-01
  7  4 2s.2p(1P)-2s.3s(1S)      0  0.20  1.0  3.0  1.0 3.201E-02 0.000E+00 4.821E-02 2.106E-01
  7  4 2s.2p(3P)-2s.3s(3S)      0  0.60  1.0  9.0  3.0 3.844E-02 0.000E+00 4.678E-02 2.868E-02
  7  4 2s.2p(1P)-2s.3d(1D)      0  0.20  1.0  3.0  5.0 3.701E-02 0.000E+00 5.321E-02 2.715E-01
  7  5 2s2.2p(2P)-2s.2p2(2D)    1  0.00  6.0  6.0 10.0 1.251E-02 1.220E-01 1.251E-02 7.126E+00
  7  5 2s2.2p(2P)-2s.2p2(2S)    1  0.00  6.0  6.0  2.0 1.623E-02 8.200E-02 1.623E-02 2.523E+00
  7  5 2s2.2p(2P)-2s.2p2(2P)    1  0.00  6.0  6.0  6.0 1.808E-02 4.020E-01 1.808E-02 1.098E+01
  7  5 2p(2P)-3s(2S)            1  1.00  6.0  6.0  2.0 2.742E-02 3.160E-02 2.742E-02 4.288E-01
  7  5 2p(2P)-3d(2D)            1  0.00  6.0  6.0 10.0 3.312E-02 4.410E-01 3.312E-02 4.034E+00
  8  1 1s(2S)-2p(2P)            1  1.00  2.0  2.0  6.0 6.536E-01 4.160E-01 6.536E-01 8.492E-02
  8  1 2s(2S)-3p(2P)            0  0.00  2.0  2.0  6.0 1.210E-01 0.000E+00 7.746E-01 1.518E-02
  8  2 1s2(1S)-1s.2p(1P)        1  0.25  1.0  1.0  3.0 5.740E-01 6.960E-01 5.740E-01 6.303E-02
  8  2 1s2(1S)-1s.2p(3P)        0  0.75  1.0  1.0  9.0 5.687E-01 0.000E+00 5.687E-01 1.061E-02
  8  2 1s.2p(3P)-1s.3d(3D)      0  0.00  1.0  9.0 15.0 9.638E-02 0.000E+00 6.651E-01 3.443E-04
  8  3 2s(2S)-2p(2P)            1  1.00  2.0  2.0  6.0 1.199E-02 1.990E-01 1.199E-02 5.917E+00
  8  3 2s(2S)-3p(2P)            1  0.00  2.0  2.0  6.0 8.260E-02 2.650E-01 8.260E-02 1.859E-01
  8  3 2p(2P)-3s(2S)            0  0.80  2.0  6.0  2.0 6.734E-02 0.000E+00 7.933E-02 2.070E-01
  8  3 2p(2P)-3d(2D)            0  0.20  2.0  6.0 10.0 7.166E-02 0.000E+00 8.365E-02 3.878E-01
  8  4 2s2(1S)-2s.2p(1P)        1  0.25  1.0  1.0  3.0 1.969E-02 5.150E-01 1.969E-02 3.281E+00
  8  4 2s2(1S)-2s.3p(1P)        1  0.00  1.0  1.0  3.0 7.201E-02 3.950E-01 7.201E-02 1.388E-01
  8  4 2s.2p(1P)-2s.3s(1S)      0  0.20  1.0  3.0  1.0 4.990E-02 0.000E+00 6.959E-02 1.819E-01
  8  4 2s.2p(3P)-2s.3s(3S)      0  0.60  1.0  9.0  3.0 5.764E-02 0.000E+00 6.782E-02 1.477E-02
  8  4 2s.2p(1P)-2s.3d(1D)      0  0.20  1.0  3.0  5.0 5.627E-02 0.000E+00 7.596E-02 2.537E-01
  8  5 2s2.2p(2P)-2s.2p2(2D)    1  0.00  6.0  6.0 10.0 1.571E-02 1.100E-01 1.571E-02 5.700E+00
  8  5 2s2.2p(2P)-2s.2p2(2S)    1  0.00  6.0  6.0  2.0 2.035E-02 6.690E-02 2.035E-02 2.137E+00
  8  5 2s2.2p(2P)-2s.2p2(2P)    1  0.00  6.0  6.0  6.0 2.237E-02 3.350E-01 2.237E-02 9.428E+00
  8  5 2p(2P)-3s(2S)            1  1.00  6.0  6.0  2.0 4.431E-02 3.140E-02 4.431E-02 1.667E-01
  8  5 2p(2P)-3d(2D)            1  0.00  6.0  6.0 10.0 5.199E-02 5.040E-01 5.199E-02 3.096E+00
  8  6 2s2.2p2(3P)-2s.2p3(3D)   1  0.00  9.0  9.0 15.0 1.486E-02 1.070E-01 1.486E-02 8.160E+00
  8  6 2s2.2p2(3P)-2s.2p3(3P)   1  0.00  9.0  9.0  9.0 1.763E-02 1.370E-01 1.763E-02 7.296E+00
  8  6 2s2.2p2(3P)-2s.2p3(3S)   1  0.00  9.0  9.0  3.0 2.441E-02 1.850E-01 2.441E-02 6.672E+00
  8  6 2p2(3P)-2p.3s(3P)        1  1.00  9.0  9.0  9.0 3.314E-02 8.310E-02 3.314E-02 6.047E-01
  8  6 2p2(3P)-2p.3d(3D)        1  0.00  9.0  9.0 15.0 4.055E-02 4.700E-01 4.055E-02 4.612E+00
 10  1 1s(2S)-2p(2P)            1  1.00  2.0  2.0  6.0 1.022E+00 4.160E-01 1.022E+00 5.658E-02
 10  1 2s(2S)-3p(2P)            0  0.00  2.0  2.0  6.0 1.890E-01 0.000E+00 1.211E+00 7.661E-03
 10  2 1s2(1S)-1s.2p(1P)        1  0.25  1.0  1.0  3.0 9.220E-01 7.240E-01 9.220E-01 4.116E-02
 10  2 1s2(1S)-1s.2p(3P)        0  0.75  1.0  1.0  9.0 9.117E-01 0.000E+00 9.117E-01 6.106E-03
 10  2 1s.2p(3P)-1s.3d(3D)      0  0.00  1.0  9.0 15.0 1.617E-01 0.000E+00 1.073E+00 2.319E-04
 10  3 2s(2S)-2p(2P)            1  1.00  2.0  2.0  6.0 1.603E-02 1.530E-01 1.603E-02 3.590E+00
 10  3 2s(2S)-3p(2P)            1  0.00  2.0  2.0  6.0 1.407E-01 3.020E-01 1.407E-01 1.295E-01
 10  3 2p(2P)-3s(2S)            0  0.80  2.0  6.0  2.0 1.203E-01 0.000E+00 1.363E-01 1.233E-01
 10  3 2p(2P)-3d(2D)            0  0.20  2.0  6.0 10.0 1.261E-01 0.000E+00 1.421E-01 2.431E-01
 10  4 2s2(1S)-2s.2p(1P)        1  0.25  1.0  1.0  3.0 2.665E-02 3.890E-01 2.665E-02 2.083E+00
 10  4 2s2(1S)-2s.3p(1P)        1  0.00  1.0  1.0  3.0 1.272E-01 4.860E-01 1.272E-01 1.053E-01
 10  4 2s.2p(1P)-2s.3s(1S)      0  0.20  1.0  3.0  1.0 9.712E-02 0.000E+00 1.238E-01 9.920E-02
 10  4 2s.2p(3P)-2s.3s(3S)      0  0.60  1.0  9.0  3.0 1.074E-01 0.000E+00 1.213E-01 6.906E-03
 10  4 2s.2p(1P)-2s.3d(1D)      0  0.20  1.0  3.0  5.0 1.062E-01 0.000E+00 1.329E-01 1.546E-01
 10  5 2s2.2p(2P)-2s.2p2(2D)    1  0.00  6.0  6.0 10.0 2.209E-02 9.020E-02 2.209E-02 3.669E+00
 10  5 2s2.2p(2P)-2s.2p2(2S)    1  0.00  6.0  6.0  2.0 2.851E-02 5.030E-02 2.851E-02 1.528E+00
 10  5 2s2.2p(2P)-2s.2p2(2P)    1  0.00  6.0  6.0  6.0 3.087E-02 2.520E-01 3.087E-02 6.152E+00
 10  5 2p(2P)-3s(2S)            1  1.00  6.0  6.0  2.0 8.948E-02 2.830E-02 8.948E-02 7.406E-02
 10  5 2p(2P)-3d(2D)            1  0.00  6.0  6.0 10.0 1.011E-01 5.710E-01 1.011E-01 2.062E+00
 10  6 2s2.2p2(3P)-2s.2p3(3D)   1  0.00  9.0  9.0 15.0 2.171E-02 9.230E-02 2.171E-02 4.731E+00
 10  6 2s2.2p2(3P)-2s.2p3(3P)   1  0.00  9.0  9.0  9.0 2.572E-02 1.100E-01 2.572E-02 4.598E+00
 10  6 2s2.2p2(3P)-2s.2p3(3S)   1  0.00  9.0  9.0  3.0 3.454E-02 1.390E-01 3.454E-02 4.479E+00
 10  6 2p2(3P)-2p.3s(3P)        1  1.00  9.0  9.0  9.0 7.394E-02 7.630E-02 7.394E-02 2.244E-01
 10  6 2p2(3P)-2p.3d(3D)        1  0.00  9.0  9.0 15.0 8.651E-02 6.730E-01 8.651E-02 3.404E+00
 10  7 2s2.2p3(4S)-2s.2p4(4P)   1  0.00  4.0  4.0 12.0 2.284E-02 2.330E-01 2.284E-02 5.067E+00
 10  7 2p3(4S)-2p2[3P]3s(4P)    1  1.00  4.0  4.0 12.0 5.943E-02 1.320E-01 5.943E-02 4.616E-01
 10  7 2p3(4S)-2p2[3P]3d(4P)    1  0.00  4.0  4.0 12.0 7.185E-02 9.270E-01 7.185E-02 2.171E+00
 10  8 2s2.2p4(3P)-2s.2p5(3P)   1  0.00  9.0  9.0  9.0 2.533E-02 1.750E-01 2.533E-02 1.062E+01
 10  8 2p4(3P)-2p3[4S]3s(3S)    1  1.00  9.0  9.0  3.0 3.957E-02 5.460E-02 3.957E-02 4.730E-01
 10  8 2p4(3P)-2p3[2D]3d(3D)    1  0.00  9.0  9.0 15.0 5.413E-02 8.010E-02 5.413E-02 1.152E+00
 12  1 1s(2S)-2p(2P)            1  1.00  2.0  2.0  6.0 1.472E+00 4.160E-01 1.472E+00 3.962E-02
 12  1 2s(2S)-3p(2P)            0  0.00  2.0  2.0  6.0 2.719E-01 0.000E+00 1.745E+00 6.831E-03
 12  2 1s2(1S)-1s.2p(1P)        1  0.25  1.0  1.0  3.0 1.352E+00 7.420E-01 1.352E+00 2.901E-02
 12  2 1s2(1S)-1s.2p(3P)        0  0.75  1.0  1.0  9.0 1.343E+00 0.000E+00 1.343E+00 4.160E-03
 12  2 1s.2p(3P)-1s.3d(3D)      0  0.00  1.0  9.0 15.0 2.357E-01 0.000E+00 1.579E+00 1.734E-04
 12  3 2s(2S)-2p(2P)            1  1.00  2.0  2.0  6.0 2.017E-02 1.260E-01 2.017E-02 2.416E+00
 12  3 2s(2S)-3p(2P)            1  0.00  2.0  2.0  6.0 2.142E-01 3.260E-01 2.142E-01 9.546E-02
 12  3 2p(2P)-3s(2S)            0  0.80  2.0  6.0  2.0 1.881E-01 0.000E+00 2.083E-01 8.207E-02
 12  3 2p(2P)-3d(2D)            0  0.20  2.0  6.0 10.0 1.959E-01 0.000E+00 2.160E-01 1.673E-01
 12  4 2s2(1S)-2s.2p(1P)        1  0.25  1.0  1.0  3.0 3.369E-02 3.140E-01 3.369E-02 1.486E+00
 12  4 2s2(1S)-2s.3p(1P)        1  0.00  1.0  1.0  3.0 1.976E-01 5.430E-01 1.976E-01 7.417E-02
 12  4 2s.2p(1P)-2s.3s(1S)      0  0.20  1.0  3.0  1.0 1.595E-01 0.000E+00 1.932E-01 9.153E-02
 12  4 2s.2p(3P)-2s.3s(3S)      0  0.60  1.0  9.0  3.0 1.724E-01 0.000E+00 1.900E-01 3.202E-03
 12  4 2s.2p(1P)-2s.3d(1D)      0  0.20  1.0  3.0  5.0 1.715E-01 0.000E+00 2.051E-01 1.368E-01
 12  5 2s2.2p(2P)-2s.2p2(2D)    1  0.00  6.0  6.0 10.0 2.853E-02 7.560E-02 2.853E-02 2.649E+00
 12  5 2s2.2p(2P)-2s.2p2(2S)    1  0.00  6.0  6.0  2.0 3.671E-02 4.070E-02 3.671E-02 1.005E+00
 12  5 2s2.2p(2P)-2s.2p2(2P)    1  0.00  6.0  6.0  6.0 3.941E-02 2.030E-01 3.941E-02 4.534E+00
 12  5 2p(2P)-3s(2S)            1  1.00  6.0  6.0  2.0 1.498E-01 2.600E-02 1.498E-01 4.179E-02
 12  5 2p(2P)-3d(2D)            1  0.00  6.0  6.0 10.0 1.654E-01 6.060E-01 1.654E-01 1.425E+00
 12  6 2s2.2p2(3P)-2s.2p3(3D)   1  0.00  9.0  9.0 15.0 2.863E-02 7.940E-02 2.863E-02 4.138E+00
 12  6 2s2.2p2(3P)-2s.2p3(3P)   1  0.00  9.0  9.0  9.0 3.384E-02 9.130E-02 3.384E-02 4.195E+00
 12  6 2s2.2p2(3P)-2s.2p3(3S)   1  0.00  9.0  9.0  3.0 4.465E-02 1.120E-01 4.465E-02 3.141E+00
 12  6 2p2(3P)-2p.3s(3P)        1  1.00  9.0  9.0  9.0 1.299E-01 7.040E-02 1.299E-01 1.226E-01
 12  6 2p2(3P)-2p.3d(3D)        1  0.00  9.0  9.0 15.0 1.476E-01 7.770E-01 1.476E-01 2.438E+00
 12  7 2s2.2p3(4S)-2s.2p4(4P)   1  0.00  4.0  4.0 12.0 3.086E-02 2.030E-01 3.086E-02 5.123E+00
 12  7 2p3(4S)-2p2[3P]3s(4P)    1  1.00  4.0  4.0 12.0 1.110E-01 1.240E-01 1.110E-01 1.872E-01
 12  7 2p3(4S)-2p2[3P]3d(4P)    1  0.00  4.0  4.0 12.0 1.299E-01 1.260E+00 1.299E-01 1.112E+00
 12  8 2s2.2p4(3P)-2s.2p5(3P)   1  0.00  9.0  9.0  9.0 3.511E-02 1.580E-01 3.511E-02 7.480E+00
 12  8 2p4(3P)-2p3[4S]3s(3S)    1  1.00  9.0  9.0  3.0 8.476E-02 5.060E-02 8.476E-02 2.223E-01
 12  8 2p4(3P)-2p3[2D]3d(3D)    1  0.00  9.0  9.0 15.0 1.079E-01 2.430E-01 1.079E-01 1.912E+00
 12  9 2s2.2p5(2P)-2s.2p6(2S)   1  0.00  6.0  6.0  2.0 3.853E-02 8.690E-02 3.853E-02 2.231E+00
 12  9 2p5(2P)-2p4[3P]3s(2P)    1  1.00  6.0  6.0  6.0 6.862E-02 1.210E-01 6.862E-02 2.024E+00
 12  9 2p5(2P)-2p4[1D]3d(2P)    1  0.00  6.0  6.0  6.0 8.815E-02 1.650E-01 8.815E-02 7.704E+00
 12 10 2p6(1S)-2p5.3s(1P)       1  1.00  1.0  1.0  3.0 5.350E-02 2.390E-01 5.350E-02 1.354E-01
 12 10 2p6(1S)-2p5.3d(1P)       1  0.00  1.0  1.0  3.0 6.647E-02 4.740E-01 6.647E-02 1.434E-01
 14  1 1s(2S)-2p(2P)            1  1.00  2.0  2.0  6.0 2.006E+00 4.160E-01 2.006E+00 3.009E-02
 14  1 2s(2S)-3p(2P)            0  0.00  2.0  2.0  6.0 3.713E-01 0.000E+00 2.376E+00 5.065E-03
 14  2 1s2(1S)-1s.2p(1P)        1  0.25  1.0  1.0  3.0 1.865E+00 7.570E-01 1.865E+00 2.145E-02
 14  2 1s2(1S)-1s.2p(3P)        0  0.75  1.0  1.0  9.0 1.853E+00 0.000E+00 1.853E+00 2.598E-03
 14  2 1s.2p(3P)-1s.3d(3D)      0  0.00  1.0  9.0 15.0 3.290E-01 0.000E+00 2.182E+00 1.404E-04
 14  3 2s(2S)-2p(2P)            1  1.00  2.0  2.0  6.0 2.449E-02 1.060E-01 2.449E-02 1.738E+00
 14  3 2s(2S)-3p(2P)            1  0.00  2.0  2.0  6.0 3.030E-01 3.430E-01 3.030E-01 7.271E-02
 14  3 2p(2P)-3s(2S)            0  0.80  2.0  6.0  2.0 2.719E-01 0.000E+00 2.964E-01 5.837E-02
 14  3 2p(2P)-3d(2D)            0  0.20  2.0  6.0 10.0 2.805E-01 0.000E+00 3.050E-01 1.209E-01
 14  4 2s2(1S)-2s.2p(1P)        1  0.25  1.0  1.0  3.0 4.088E-02 2.650E-01 4.088E-02 1.074E+00
 14  4 2s2(1S)-2s.3p(1P)        1  0.00  1.0  1.0  3.0 2.833E-01 5.830E-01 2.833E-01 4.931E-02
 14  4 2s.2p(1P)-2s.3s(1S)      0  0.20  1.0  3.0  1.0 2.371E-01 0.000E+00 2.779E-01 6.369E-02
 14  4 2s.2p(3P)-2s.3s(3S)      0  0.60  1.0  9.0  3.0 2.528E-01 0.000E+00 2.741E-01 2.177E-03
 14  4 2s.2p(1P)-2s.3d(1D)      0  0.20  1.0  3.0  5.0 2.519E-01 0.000E+00 2.928E-01 9.964E-02
 14  5 2s2.2p(2P)-2s.2p2(2D)    1  0.00  6.0  6.0 10.0 3.511E-02 6.510E-02 3.511E-02 1.924E+00
 14  5 2s2.2p(2P)-2s.2p2(2S)    1  0.00  6.0  6.0  2.0 4.501E-02 3.450E-02 4.501E-02 7.231E-01
 14  5 2s2.2p(2P)-2s.2p2(2P)    1  0.00  6.0  6.0  6.0 4.811E-02 1.720E-01 4.811E-02 3.292E+00
 14  5 2p(2P)-3s(2S)            1  1.00  6.0  6.0  2.0 2.253E-01 2.430E-02 2.253E-01 2.679E-02
 14  5 2p(2P)-3d(2D)            1  0.00  6.0  6.0 10.0 2.449E-01 6.260E-01 2.449E-01 1.049E+00
 14  6 2s2.2p2(3P)-2s.2p3(3D)   1  0.00  9.0  9.0 15.0 3.569E-02 6.940E-02 3.569E-02 2.906E+00
 14  6 2s2.2p2(3P)-2s.2p3(3P)   1  0.00  9.0  9.0  9.0 4.211E-02 7.850E-02 4.211E-02 2.894E+00
 14  6 2s2.2p2(3P)-2s.2p3(3S)   1  0.00  9.0  9.0  3.0 5.487E-02 9.370E-02 5.487E-02 2.272E+00
 14  6 2p2(3P)-2p.3s(3P)        1  1.00  9.0  9.0  9.0 2.011E-01 6.610E-02 2.011E-01 7.333E-02
 14  6 2p2(3P)-2p.3d(3D)        1  0.00  9.0  9.0 15.0 2.239E-01 8.380E-01 2.239E-01 1.750E+00
 14  7 2s2.2p3(4S)-2s.2p4(4P)   1  0.00  4.0  4.0 12.0 3.903E-02 1.780E-01 3.903E-02 3.864E+00
 14  7 2p3(4S)-2p2[3P]3s(4P)    1  1.00  4.0  4.0 12.0 1.778E-01 1.190E-01 1.778E-01 8.920E-02
 14  7 2p3(4S)-2p2[3P]3d(4P)    1  0.00  4.0  4.0 12.0 2.031E-01 1.520E+00 2.031E-01 1.490E+00
 14  8 2s2.2p4(3P)-2s.2p5(3P)   1  0.00  9.0  9.0  9.0 4.501E-02 1.410E-01 4.501E-02 5.007E+00
 14  8 2p4(3P)-2p3[4S]3s(3S)    1  1.00  9.0  9.0  3.0 1.451E-01 4.760E-02 1.451E-01 1.170E-01
 14  8 2p4(3P)-2p3[2D]3d(3D)    1  0.00  9.0  9.0 15.0 1.768E-01 3.660E-01 1.768E-01 1.568E+00
 14  9 2s2.2p5(2P)-2s.2p6(2S)   1  0.00  6.0  6.0  2.0 5.019E-02 7.980E-02 5.019E-02 1.144E+00
 14  9 2p5(2P)-2p4[3P]3s(2P)    1  1.00  6.0  6.0  6.0 1.246E-01 1.170E-01 1.246E-01 3.125E+00
 14  9 2p5(2P)-2p4[1D]3d(2P)    1  0.00  6.0  6.0  6.0 1.537E-01 3.300E-01 1.537E-01 4.350E+00
 14 10 2p6(1S)-2p5.3s(1P)       1  1.00  1.0  1.0  3.0 1.052E-01 2.460E-01 1.052E-01 7.805E-02
 14 10 2p6(1S)-2p5.3d(1P)       1  0.00  1.0  1.0  3.0 1.286E-01 1.080E+00 1.286E-01 4.249E-01
 14 11 3s(2S)-3p(2P)            1  1.00  2.0  2.0  6.0 8.877E-03 7.840E-01 8.877E-03 2.283E+01
 14 11 3p(2P)-3d(2D)            0  0.20  2.0  6.0 10.0 1.101E-02 0.000E+00 1.988E-02 2.461E+00
 16  1 1s(2S)-2p(2P)            1  1.00  2.0  2.0  6.0 2.622E+00 4.160E-01 2.622E+00 2.296E-02
 16  1 2s(2S)-3p(2P)            0  0.00  2.0  2.0  6.0 4.855E-01 0.000E+00 3.106E+00 3.884E-03
 16  2 1s2(1S)-1s.2p(1P)        1  0.25  1.0  1.0  3.0 2.461E+00 7.670E-01 2.461E+00 1.639E-02
 16  2 1s2(1S)-1s.2p(3P)        0  0.75  1.0  1.0  9.0 2.446E+00 0.000E+00 2.446E+00 2.307E-03
 16  2 1s.2p(3P)-1s.3d(3D)      0  0.00  1.0  9.0 15.0 4.371E-01 0.000E+00 2.883E+00 1.179E-04
 16  3 2s(2S)-2p(2P)            1  1.00  2.0  2.0  6.0 2.906E-02 9.380E-02 2.906E-02 1.315E+00
 16  3 2s(2S)-3p(2P)            1  0.00  2.0  2.0  6.0 4.073E-01 3.560E-01 4.073E-01 5.720E-02
 16  3 2p(2P)-3s(2S)            0  0.80  2.0  6.0  2.0 3.668E-01 0.000E+00 3.959E-01 4.365E-02
 16  3 2p(2P)-3d(2D)            0  0.20  2.0  6.0 10.0 3.803E-01 0.000E+00 4.094E-01 9.202E-02
 16  4 2s2(1S)-2s.2p(1P)        1  0.25  1.0  1.0  3.0 4.830E-02 2.300E-01 4.830E-02 8.308E-01
 16  4 2s2(1S)-2s.3p(1P)        1  0.00  1.0  1.0  3.0 3.845E-01 6.130E-01 3.845E-01 3.125E-02
 16  4 2s.2p(1P)-2s.3s(1S)      0  0.20  1.0  3.0  1.0 3.298E-01 0.000E+00 3.781E-01 4.683E-02
 16  4 2s.2p(3P)-2s.3s(3S)      0  0.60  1.0  9.0  3.0 3.482E-01 0.000E+00 3.734E-01 1.574E-03
 16  4 2s.2p(1P)-2s.3d(1D)      0  0.20  1.0  3.0  5.0 3.476E-01 0.000E+00 3.959E-01 7.600E-02
 16  5 2s2.2p(2P)-2s.2p2(2D)    1  0.00  6.0  6.0 10.0 4.192E-02 5.740E-02 4.192E-02 1.307E+00
 16  5 2s2.2p(2P)-2s.2p2(2S)    1  0.00  6.0  6.0  2.0 5.342E-02 2.980E-02 5.342E-02 5.248E-01
 16  5 2s2.2p(2P)-2s.2p2(2P)    1  0.00  6.0  6.0  6.0 5.709E-02 1.480E-01 5.709E-02 2.294E+00
 16  5 2p(2P)-3s(2S)            1  1.00  6.0  6.0  2.0 3.145E-01 2.000E-02 3.145E-01 3.060E-02
 16  5 2p(2P)-3d(2D)            1  0.00  6.0  6.0 10.0 3.396E-01 6.410E-01 3.396E-01 7.968E-01
 16  6 2s2.2p2(3P)-2s.2p3(3D)   1  0.00  9.0  9.0 15.0 4.298E-02 6.180E-02 4.298E-02 2.618E+00
 16  6 2s2.2p2(3P)-2s.2p3(3P)   1  0.00  9.0  9.0  9.0 5.066E-02 6.910E-02 5.066E-02 2.398E+00
 16  6 2s2.2p2(3P)-2s.2p3(3S)   1  0.00  9.0  9.0  3.0 6.529E-02 8.110E-02 6.529E-02 1.822E+00
 16  6 2p2(3P)-2p.3s(3P)        1  1.00  9.0  9.0  9.0 2.875E-01 6.340E-02 2.875E-01 7.747E-02
 16  6 2p2(3P)-2p.3d(3D)        1  0.00  9.0  9.0 15.0 3.154E-01 8.780E-01 3.154E-01 1.533E+00
 16  7 2s2.2p3(4S)-2s.2p4(4P)   1  0.00  4.0  4.0 12.0 4.742E-02 1.590E-01 4.742E-02 2.856E+00
 16  7 2p3(4S)-2p2[3P]3s(4P)    1  1.00  4.0  4.0 12.0 2.597E-01 1.150E-01 2.597E-01 5.320E-02
 16  7 2p3(4S)-2p2[3P]3d(4P)    1  0.00  4.0  4.0 12.0 2.916E-01 1.660E+00 2.916E-01 1.610E+00
 16  8 2s2.2p4(3P)-2s.2p5(3P)   1  0.00  9.0  9.0  9.0 5.513E-02 1.260E-01 5.513E-02 3.907E+00
 16  8 2p4(3P)-2p3[4S]3s(3S)    1  1.00  9.0  9.0  3.0 2.206E-01 4.540E-02 2.206E-01 6.750E-02
 16  8 2p4(3P)-2p3[2D]3d(3D)    1  0.00  9.0  9.0 15.0 2.608E-01 4.480E-01 2.608E-01 2.063E+00
 16  9 2s2.2p5(2P)-2s.2p6(2S)   1  0.00  6.0  6.0  2.0 6.203E-02 7.260E-02 6.203E-02 1.298E+00
 16  9 2p5(2P)-2p4[3P]3s(2P)    1  1.00  6.0  6.0  6.0 1.957E-01 1.130E-01 1.957E-01 1.326E-01
 16  9 2p5(2P)-2p4[1D]3d(2P)    1  0.00  6.0  6.0  6.0 2.346E-01 4.670E-01 2.346E-01 2.777E+00
 16 10 2p6(1S)-2p5.3s(1P)       1  1.00  1.0  1.0  3.0 1.721E-01 2.430E-01 1.721E-01 8.182E-02
 16 10 2p6(1S)-2p5.3d(1P)       1  0.00  1.0  1.0  3.0 2.061E-01 1.600E+00 2.061E-01 4.477E-01
 16 11 3s(2S)-3p(2P)            1  1.00  2.0  2.0  6.0 1.323E-02 6.650E-01 1.323E-02 1.456E+01
 16 11 3p(2P)-3d(2D)            0  0.20  2.0  6.0 10.0 1.745E-02 0.000E+00 3.068E-02 1.498E+00
 16 12 3s2(1S)-3s.3p(1P)        1  0.25  1.0  1.0  3.0 1.576E-02 1.420E+00 1.576E-02 7.706E+00
 16 12 3s.3p(1P)-3s.3d(1D)      0  0.05  1.0  3.0  5.0 1.780E-02 0.000E+00 3.356E-02 1.029E+00
 16 12 3s.3p(3P)-3s.3d(3D)      0  0.15  1.0  9.0 15.0 1.874E-02 0.000E+00 2.909E-02 2.409E-01
 16 13 3s2.3p(2P)-3s.3p2(2D)    1  0.00  6.0  6.0 10.0 1.159E-02 4.840E-02 1.159E-02 6.519E+00
 16 13 3s2.3p(2P)-3s.3p2(2S)    1  0.00  6.0  6.0  2.0 1.523E-02 1.030E-01 1.523E-02 3.215E+00
 16 13 3s2.3p(2P)-3s.3p2(2P)    1  0.00  6.0  6.0  6.0 1.654E-02 7.490E-01 1.654E-02 2.014E+01
 16 13 3p(2P)-3d(2D)            1  0.20  6.0  6.0 10.0 1.878E-02 1.170E+00 1.878E-02 2.309E+01
 26  1 1s(2S)-2p(2P)            1  1.00  2.0  2.0  6.0 6.966E+00 4.160E-01 6.966E+00 8.014E-03
 26  1 2s(2S)-3p(2P)            0  0.00  2.0  2.0  6.0 1.287E+00 0.000E+00 8.250E+00 1.469E-03
 26  2 1s2(1S)-1s.2p(1P)        1  0.25  1.0  1.0  3.0 6.700E+00 7.980E-01 6.700E+00 5.950E-03
 26  2 1s2(1S)-1s.2p(3P)        0  0.75  1.0  1.0  9.0 6.670E+00 0.000E+00 6.670E+00 1.264E-03
 26  2 1s.2p(3P)-1s.3d(3D)      0  0.00  1.0  9.0 15.0 1.211E+00 0.000E+00 7.881E+00 5.776E-05
 26  3 2s(2S)-2p(2P)            1  1.00  2.0  2.0  6.0 5.924E-02 6.620E-02 5.924E-02 4.738E-01
 26  3 2s(2S)-3p(2P)            1  0.00  2.0  2.0  6.0 1.166E+00 3.920E-01 1.166E+00 2.247E-02
 26  3 2p(2P)-3s(2S)            0  0.80  2.0  6.0  2.0 1.090E+00 0.000E+00 1.150E+00 1.566E-02
 26  3 2p(2P)-3d(2D)            0  0.20  2.0  6.0 10.0 1.115E+00 0.000E+00 1.174E+00 3.353E-02
 26  4 2s2(1S)-2s.2p(1P)        1  0.25  1.0  1.0  3.0 9.334E-02 1.520E-01 9.334E-02 3.100E-01
 26  4 2s2(1S)-2s.3p(1P)        1  0.00  1.0  1.0  3.0 1.129E+00 6.950E-01 1.129E+00 1.305E-02
 26  4 2s.2p(1P)-2s.3s(1S)      0  0.20  1.0  3.0  1.0 1.018E+00 0.000E+00 1.112E+00 1.602E-02
 26  4 2s.2p(3P)-2s.3s(3S)      0  0.60  1.0  9.0  3.0 1.056E+00 0.000E+00 1.103E+00 5.163E-04
 26  4 2s.2p(1P)-2s.3d(1D)      0  0.20  1.0  3.0  5.0 1.056E+00 0.000E+00 1.150E+00 2.847E-02
 26  5 2s2.2p(2P)-2s.2p2(2D)    1  0.00  6.0  6.0 10.0 8.326E-02 3.930E-02 8.326E-02 5.158E-01
 26  5 2s2.2p(2P)-2s.2p2(2S)    1  0.00  6.0  6.0  2.0 1.115E-01 2.100E-02 1.115E-01 2.438E-01
 26  5 2s2.2p(2P)-2s.2p2(2P)    1  0.00  6.0  6.0  6.0 1.075E-01 9.410E-02 1.075E-01 8.864E-01
 26  5 2p(2P)-3s(2S)            1  1.00  6.0  6.0  2.0 9.951E-01 1.920E-02 9.951E-01 5.708E-03
 26  5 2p(2P)-3d(2D)            1  0.00  6.0  6.0 10.0 1.045E+00 6.750E-01 1.045E+00 2.909E-01
 26  6 2s2.2p2(3P)-2s.2p3(3D)   1  0.00  9.0  9.0 15.0 8.677E-02 4.300E-02 8.677E-02 1.119E+00
 26  6 2s2.2p2(3P)-2s.2p3(3P)   1  0.00  9.0  9.0  9.0 1.046E-01 4.850E-02 1.046E-01 8.335E-01
 26  6 2s2.2p2(3P)-2s.2p3(3S)   1  0.00  9.0  9.0  3.0 1.247E-01 5.160E-02 1.247E-01 6.469E-01
 26  6 2p2(3P)-2p.3s(3P)        1  1.00  9.0  9.0  9.0 9.493E-01 5.011E-02 9.493E-01 1.542E-02
 26  6 2p2(3P)-2p.3d(3D)        1  0.00  9.0  9.0 15.0 1.003E+00 9.640E-01 1.003E+00 3.450E-01
 26  7 2s2.2p3(4S)-2s.2p4(4P)   1  0.00  4.0  4.0 12.0 9.800E-02 1.120E-01 9.800E-02 9.295E-01
 26  7 2p3(4S)-2p2[3P]3s(4P)    1  1.00  4.0  4.0 12.0 8.986E-01 8.175E-02 8.986E-01 1.310E-02
 26  7 2p3(4S)-2p2[3P]3d(4P)    1  0.00  4.0  4.0 12.0 9.671E-01 1.880E+00 9.671E-01 2.499E-01
 26  8 2s2.2p4(3P)-2s.2p5(3P)   1  0.00  9.0  9.0  9.0 1.137E-01 8.840E-02 1.137E-01 1.384E+00
 26  8 2p4(3P)-2p3[4S]3s(3S)    1  1.00  9.0  9.0  3.0 8.233E-01 3.910E-02 8.233E-01 1.147E-02
 26  8 2p4(3P)-2p3[2D]3d(3D)    1  0.00  9.0  9.0 15.0 9.157E-01 6.585E-01 9.157E-01 3.736E-01
 26  9 2s2.2p5(2P)-2s.2p6(2S)   1  0.00  6.0  6.0  2.0 1.278E-01 5.040E-02 1.278E-01 4.787E-01
 26  9 2p5(2P)-2p4[3P]3s(2P)    1  1.00  6.0  6.0  6.0 7.743E-01 9.840E-02 7.743E-01 1.509E-02
 26  9 2p5(2P)-2p4[1D]3d(2P)    1  0.00  6.0  6.0  6.0 8.699E-01 7.570E-01 8.699E-01 2.797E-01
 26 10 2p6(1S)-2p5.3s(1P)       1  1.00  1.0  1.0  3.0 7.270E-01 1.230E-01 7.270E-01 4.327E-03
 26 10 2p6(1S)-2p5.3d(1P)       1  0.00  1.0  1.0  3.0 8.257E-01 2.950E+00 8.257E-01 1.663E-01
 26 11 3s(2S)-3p(2P)            1  1.00  2.0  2.0  6.0 3.610E-02 3.870E-01 3.610E-02 3.729E+00
 26 11 3p(2P)-3d(2D)            0  0.20  2.0  6.0 10.0 4.787E-02 0.000E+00 8.397E-02 3.113E-01
 26 12 3s2(1S)-3s.3p(1P)        1  0.25  1.0  1.0  3.0 4.363E-02 8.240E-01 4.363E-02 2.719E+00
 26 12 3s.3p(1P)-3s.3d(1D)      0  0.05  1.0  3.0  5.0 5.086E-02 0.000E+00 9.449E-02 1.952E-01
 26 12 3s.3p(3P)-3s.3d(3D)      0  0.15  1.0  9.0 15.0 5.374E-02 0.000E+00 8.348E-02 3.219E-02
 26 13 3s2.3p(2P)-3s.3p2(2D)    1  0.00  6.0  6.0 10.0 3.571E-02 6.820E-02 3.571E-02 2.443E+00
 26 13 3s2.3p(2P)-3s.3p2(2S)    1  0.00  6.0  6.0  2.0 4.366E-02 5.580E-02 4.366E-02 1.490E+00
 26 13 3s2.3p(2P)-3s.3p2(2P)    1  0.00  6.0  6.0  6.0 4.727E-02 4.300E-01 4.727E-02 7.976E+00
 26 13 3p(2P)-3d(2D)            1  0.20  6.0  6.0 10.0 5.726E-02 4.840E-01 5.726E-02 7.562E+00
 26 14 3s2.3p2(3P)-3s.3p3(3D)   1  0.00  9.0  9.0 15.0 3.413E-02 5.110E-02 3.413E-02 2.573E+00
 26 14 3s2.3p2(3P)-3s.3p3(3P)   1  0.00  9.0  9.0  9.0 3.926E-02 6.230E-02 3.926E-02 2.750E+00
 26 14 3s2.3p2(3P)-3s.3p3(3S)   1  0.00  9.0  9.0  3.0 4.985E-02 1.970E-01 4.985E-02 5.713E+00
 26 14 3p2(3P)-3p.3d(3P)        1  0.08  9.0  9.0  9.0 5.923E-02 2.850E-01 5.923E-02 6.945E+00
 26 14 3p2(3P)-3p.3d(3D)        1  0.12  9.0  9.0 15.0 6.140E-02 7.120E-01 6.140E-02 1.536E+01
 26 15 3s2.3p3(4S)-3s.3p4(4P)   1  0.00  4.0  4.0 12.0 3.470E-02 1.040E-01 3.470E-02 2.187E+00
 26 15 3p3(4S)-3p2[3P]3d(4P)    1  0.20  4.0  4.0 12.0 6.387E-02 1.520E+00 6.387E-02 1.284E+01
 26 16 3s2.3p4(3P)-3s.3p5(3P)   1  0.00  9.0  9.0  9.0 3.505E-02 6.170E-02 3.505E-02 2.661E+00
 26 16 3p4(3P)-3p3[2D]3d(3P)    1  0.08  9.0  9.0  9.0 6.571E-02 6.510E-01 6.571E-02 8.893E+00
 26 16 3p4(3P)-3p3[4S]3d(3D)    1  0.12  9.0  9.0 15.0 6.861E-02 1.110E+00 6.861E-02 1.639E+01
 26 17 3s2.3p5(2P)-3s.3p6(2S)   1  0.00  6.0  6.0  2.0 3.521E-02 2.810E-02 3.521E-02 9.992E-01
 26 17 3p5(2P)-3p4[1D]3d(2S)    1  0.02  6.0  6.0  2.0 6.654E-02 2.870E-01 6.654E-02 2.747E+00
 26 17 3p5(2P)-3p4[3P]3d(2P)    1  0.07  6.0  6.0  6.0 6.954E-02 7.430E-01 6.954E-02 6.697E+00
 26 17 3p5(2P)-3p4[3P]3d(2D)    1  0.11  6.0  6.0 10.0 7.105E-02 1.430E+00 7.105E-02 1.221E+01
 26 18 3p6(1S)-3p5.3d(1P)       1  0.05  1.0  1.0  3.0 7.247E-02 3.050E+00 7.247E-02 4.026E+00
 26 18 3p6(1S)-3p5.3d(3P)       0  0.05  1.0  1.0  9.0 5.063E-02 0.000E+00 5.063E-02 1.116E-01
 26 18 3p6(1S)-3p5.3d(3F)       0  0.10  1.0  1.0 15.0 5.323E-02 0.000E+00 5.323E-02 1.104E-01
 26 19 3p6.3d(2D)-3p5.3d2(2F)   1  0.00 10.0 10.0 14.0 6.672E-02 7.080E-01 6.672E-02 1.384E+01
 26 19 3p6.3d(2D)-3p5.3d2(2P)   1  0.00 10.0 10.0  6.0 7.352E-02 5.700E-01 7.352E-02 8.348E+00
 26 19 3p6.3d(2D)-3p5.3d2(2D)   1  0.00 10.0 10.0 10.0 7.385E-02 1.364E+00 7.385E-02 1.778E+01
 26 19 3d(2D)-4p(2P)            1  0.50 10.0 10.0  6.0 6.357E-02 1.450E-01 6.357E-02 1.110E+00
 26 19 3d(2D)-4f(2F)            1  0.00 10.0 10.0 14.0 9.456E-02 5.680E-01 9.456E-02 3.813E+00
 26 20 3p6.3d2(3F)-3p5.3d3(3F)  1  0.00 21.0 21.0 21.0 7.008E-02 1.080E+00 7.008E-02 5.020E+01
 26 20 3p6.3d2(3F)-3p5.3d3(3D)  1  0.00 21.0 21.0 15.0 7.468E-02 6.900E-01 7.468E-02 3.050E+01
 26 20 3d2(3F)-3d.4f(3G)        1  0.50 21.0 21.0 27.0 8.215E-02 6.580E-01 8.215E-02 1.160E+01
 26 21 3d3(4F)-3d2.4p(4D)       1  0.50 28.0 28.0 20.0 4.462E-02 3.040E-02 4.462E-02 6.550E+01
 26 21 3p6.3d3(4F)-3p5.3d4(4D)  1  0.00 28.0 28.0 20.0 7.490E-02 4.970E-01 7.490E-02 5.140E+01
civsfits
 6  4 2 0    47.90  23.2  -7.400  2.50  -19.40
 6  3 2 0    64.50   8.2  -2.700  1.40   -6.60
 6  2 1 0   392.00  20.4  -6.100  4.50  -18.00
 6  1 1 0   490.00  12.2  -3.900  1.90  -10.30
 7  5 2 1    47.40  16.0  -7.500  2.30  -10.00
 7  4 2 0    77.50  17.6  -3.800  2.80  -13.60
 7  3 2 0    97.90  10.5  -3.300  1.40   -7.70
 7  2 1 0   552.00  20.8  -6.300  4.40  -18.20
 7  1 1 0   667.00  12.3  -4.000  1.90  -10.30
 8  6 2 1    54.90  25.0  -7.000  5.00  -18.00
 8  5 2 1    77.40  15.0  -5.000  2.20  -10.50
 8  4 2 0   114.00  16.4  -3.000  2.90  -12.00
 8  3 2 0   138.00  10.4  -3.300  1.40   -7.40
 8  2 1 0   739.00  21.2  -6.500  4.30  -18.40
 8  1 1 0   871.00  12.3  -4.000  1.90  -10.30
10  8 2 1    63.50  33.0 -17.500 11.20  -33.00
10  7 2 1    97.10  34.0 -10.000  7.50  -25.00
10  6 2 1   126.00  25.5  -8.500  4.50  -16.80
10  5 2 1   158.00  14.5  -4.600  1.90   -8.50
10  4 2 0   207.00  16.5  -3.100  2.80  -11.40
10  3 2 0   239.00  10.1  -3.100  1.40   -7.10
10  2 1 0  1196.00  21.9  -6.800  4.20  -18.70
10  1 1 0  1362.00  12.5  -4.100  1.90  -10.40
12 10 2 1    80.10  55.5 -24.100 18.70  -65.00
12  9 2 1   109.00  50.1 -20.200 14.20  -41.70
12  8 2 1   141.00  43.3 -16.300 10.30  -33.40
12  7 2 1   187.00  35.1 -12.400  6.90  -25.10
12  6 2 1   225.00  25.5  -8.500  4.10  -16.80
12  5 2 1   266.00  14.5  -4.600  1.80   -8.50
12  4 2 0   328.00  17.1  -3.600  2.70  -11.50
12  3 2 0   367.00  10.0  -3.000  1.40   -6.80
12  2 1 0  1762.00  22.4  -7.100  4.10  -18.90
12  1 1 0  1963.00  12.6  -4.200  1.90  -10.40
14 11 3 0    45.10   9.0  -3.000  0.60   -5.80
14 10 2 1   167.00  72.0 -24.100 17.40  -50.00
14  9 2 1   205.00  60.8 -20.200 13.20  -41.70
14  8 2 1   246.00  49.5 -16.300  9.60  -33.40
14  7 2 1   303.00  38.3 -12.400  6.40  -25.10
14  6 2 1   351.00  27.0  -8.500  3.80  -16.80
14  5 2 1   401.00  14.0  -4.600  1.60   -8.50
14  4 2 0   476.00  17.7  -4.000  2.70  -11.70
14  3 2 0   523.00   9.8  -2.900  1.40   -6.60
14  2 1 0  2438.00  22.9  -7.300  4.00  -19.10
14  1 1 0  2673.00  12.7  -4.300  1.90  -10.40
16 13 3 1    47.30  50.4 -33.400  0.60  -36.90
16 12 3 0    72.70  19.8  -5.700  1.60  -11.90
16 11 3 0    88.10   9.0  -2.800  0.70   -5.40
16 10 2 1   281.00  72.0 -24.100 14.20  -50.00
16  9 2 1   328.00  60.8 -20.200 10.90  -41.70
16  8 2 1   379.00  49.5 -16.300  8.00  -33.40
16  7 2 1   447.00  38.3 -12.400  5.50  -25.10
16  6 2 1   505.00  27.0  -8.500  3.30  -16.80
16  5 2 1   564.00  14.0  -4.600  1.50   -8.50
16  4 2 0   652.00  18.1  -4.400  2.70  -11.80
16  3 2 0   707.00   9.7  -2.800  1.40   -6.40
16  2 1 0  3224.00  23.3  -7.600  4.00  -19.30
16  1 1 0  3493.00  12.8  -4.300  1.90  -10.50
26 21 3 2    98.69  36.9 -11.800 10.30  -31.50
26 20 3 2   124.20  14.6  -4.360  5.98  -10.50
26 19 3 2   151.70  14.3  -4.440  2.45   -9.53
26 18 3 1   235.00  69.9 -23.700  9.50  -51.70
26 17 3 1   262.00  57.7 -18.600  7.80  -40.30
26 16 3 1   290.00  45.6 -13.900  6.20  -30.00
26 15 3 1   331.00  39.2  -9.700  4.40  -20.80
26 14 3 1   361.00  21.3  -5.900  3.00  -12.60
26 13 3 1   392.00   9.1  -2.600  1.40   -5.60
26 12 3 0   457.00  19.8  -5.700  2.10  -11.90
26 11 3 0   490.00   9.0  -2.600  1.00   -5.40
26 10 2 1  1265.00  82.2 -26.400  6.10  -49.80
26  9 2 1  1358.00  68.5 -22.000  5.10  -41.50
26  8 2 1  1456.00  54.8 -17.600  4.10  -33.20
26  7 2 1  1582.00  41.1 -13.200  3.10  -24.90
26  6 2 1  1689.00  27.4  -8.800  2.00  -16.60
26  5 2 1  1799.00  13.7  -4.400  1.00   -8.30
26  4 2 0  1950.00  19.2  -5.300  2.70  -12.30
26  3 2 0  2045.00   9.3  -2.600  1.40   -5.80
26  2 1 0  8828.00  24.8  -8.400  3.80  -20.00
26  1 1 0  9278.00  13.0  -4.500  1.90  -10.60
aifefits
26 21   95.0 0.0000  0.00000   -5.8300 12.30  8.8500
26 20  125.0 0.0000  0.00000  -48.1000 42.50 16.3000
26 19  160.0 5.0000 43.00000  -72.6000 42.90  0.0000
26 18  650.0 0.0000  0.00000    0.0000  1.87  0.0000
26 17  650.0 0.0000  0.00000    0.0000  1.96  0.0000
26 16  650.0 0.0000  0.00000    0.0000  3.21  0.0000
26 15  650.0 0.0000  0.00000    0.0000  3.89  0.0000
26 14  670.0 0.0000  0.00000    0.0000  4.10  0.0000
26 13  671.0 0.0000  0.00000    0.0000  5.92  0.0000
26 12  700.0 0.0000  0.00000    0.0000  4.81  0.0000
26 11  704.0 0.0000  0.00000    0.0000  2.95  0.0000
rrr4ions
Nonesuch  6 11  0.000E+00  0.0000  0.000E+00  0.000E+00
C_IV      6  3  8.540E-11  0.5247  5.014E+02  1.479E+07
C_V       6  2  2.765E-10  0.6858  1.535E+02  2.556E+07
C_VI      6  1  6.556E-10  0.7567  6.523E+01  2.446E+07
Nonesuch  7 11  0.000E+00  0.0000  0.000E+00  0.000E+00
N_V       7  3  1.169E-10  0.5470  6.793E+02  1.650E+07
N_VI      7  2  3.910E-10  0.6988  1.611E+02  3.271E+07
N_VII     7  1  7.586E-10  0.7563  9.015E+01  3.338E+07
Nonesuch  8 11  0.000E+00  0.0000  0.000E+00  0.000E+00
O_VI      8  3  2.053E-10  0.6019  4.772E+02  1.711E+07
O_VII     8  2  4.897E-10  0.7048  1.906E+02  4.093E+07
O_VIII    8  1  8.616E-10  0.7563  1.191E+02  4.352E+07
Nonesuch 10 11  0.000E+00  0.0000  0.000E+00  0.000E+00
NeVIII   10  3  3.200E-10  0.6198  6.329E+02  2.616E+07
NeIX     10  2  6.161E-10  0.7029  3.274E+02  6.243E+07
NeX      10  1  1.085E-09  0.7570  1.834E+02  6.776E+07
Not-used 12 11  1.920E-11  0.3028  4.849E+02  5.890E+06
MgX      12  3  4.284E-10  0.6287  8.748E+02  3.586E+07
MgXI     12  2  7.510E-10  0.7020  4.921E+02  8.643E+07
MgXII    12  1  1.317E-09  0.7574  2.585E+02  9.769E+07
SiIV     14 11  5.942E-11  0.3930  8.962E+02  1.213E+07
SiXII    14  3  5.373E-10  0.6337  1.164E+03  4.677E+07
SiXIII   14  2  8.722E-10  0.6996  7.098E+02  1.155E+08
SiXIV    14  1  1.517E-09  0.7574  3.601E+02  1.329E+08
S_VI     16 11  3.502E-10  0.6266  1.532E+02  1.755E+07
S_XIV    16  3  6.571E-10  0.6400  1.452E+03  5.796E+07
S_XV     16  2  9.692E-10  0.6945  1.017E+03  1.517E+08
S_XVI    16  1  1.729E-09  0.7568  4.725E+02  1.746E+08
FeXVI    26 11  7.688E-10  0.6173  1.653E+03  6.161E+07
FeXXIV   26  3  1.198E-09  0.6443  3.789E+03  1.437E+08
FeXXV    26  2  1.542E-09  0.6859  3.073E+03  3.926E+08
FeXXVI   26  1  2.735E-09  0.7568  1.314E+03  4.659E+08
rrrfits
 6  4 4.90E-12 0.803
 6  3 9.16E-12 0.791
 6  2 1.70E-11 0.721
 7  5 5.00E-12 0.676
 7  4 9.40E-12 0.765
 7  3 1.57E-11 0.780
 7  2 2.90E-11 0.750
 8  6 5.10E-12 0.660
 8  5 9.60E-12 0.670
 8  4 1.59E-11 0.759
 8  3 2.44E-11 0.774
 8  2 7.19E-11 0.834
10  8 4.40E-12 0.675
10  7 9.10E-12 0.668
10  6 1.50E-11 0.684
10  5 2.30E-11 0.704
10  4 2.80E-11 0.771
10  3 5.00E-11 0.832
10  2 8.60E-11 0.769
12 10 3.50E-12 0.734
12  9 7.70E-12 0.718
12  8 1.40E-11 0.716
12  7 2.30E-11 0.695
12  6 3.20E-11 0.691
12  5 4.60E-11 0.711
12  4 6.83E-11 0.765
12  3 1.13E-10 0.829
12  2 2.16E-10 0.821
14 11 5.50E-12 0.821
14 10 1.20E-11 0.735
14  9 2.11E-11 0.716
14  8 3.00E-11 0.702
14  7 4.30E-11 0.688
14  6 5.80E-11 0.703
14  5 7.70E-11 0.714
14  4 1.43E-10 0.823
14  3 2.15E-10 0.858
14  2 3.20E-10 0.818
16 13 5.70E-12 0.755
16 12 1.20E-11 0.701
16 11 1.70E-11 0.849
16 10 2.70E-11 0.733
16  9 4.00E-11 0.696
16  8 5.50E-11 0.711
16  7 7.40E-11 0.716
16  6 9.20E-11 0.714
16  5 1.40E-10 0.755
16  4 2.00E-10 0.806
16  3 2.91E-10 0.840
16  2 4.30E-10 0.807
26 21 2.62E-11 0.728
26 20 4.12E-11 0.759
26 19 6.05E-11 0.790
26 18 8.13E-11 0.810
26 17 1.09E-10 0.829
26 16 1.33E-10 0.828
26 15 1.64E-10 0.834
26 14 2.00E-10 0.836
26 13 2.41E-10 0.840
26 12 2.89E-10 0.846
26 11 3.42E-10 0.850
26 10 3.87E-10 0.836
26  9 4.52E-10 0.824
26  8 5.25E-10 0.816
26  7 6.07E-10 0.811
26  6 6.98E-10 0.808
26  5 7.72E-10 0.800
26  4 1.15E-09 0.852
26  3 1.58E-09 0.875
26  2 1.40E-09 0.787
drrfits
 6  4 1.62E-03 3.43E-01 8.19E+04 1.59E+05
 6  3 4.78E-02 3.62E-01 3.44E+06 5.87E+05
 6  2 3.22E-02 3.15E-01 4.06E+06 8.31E+05
 7  5 1.13E-02 1.64E-01 1.72E+05 2.25E+05
 7  4 2.62E-03 2.43E-01 1.02E+05 1.25E+05
 7  3 7.50E-02 3.50E-01 4.75E+06 8.35E+05
 7  2 4.61E-02 3.09E-01 5.44E+06 1.14E+06
 8  6 1.48E-02 3.05E-01 2.41E+05 2.83E+05
 8  5 1.84E-02 1.00E-01 2.12E+05 2.83E+05
 8  4 4.13E-03 1.62E-01 1.25E+05 2.27E+05
 8  3 1.06E-01 3.40E-01 6.25E+06 1.12E+06
 8  2 4.72E-02 0.00E+00 6.00E+06 1.00E+05
10  8 3.69E-03 1.01E+00 2.24E+05 2.94E+05
10  7 1.18E-02 3.91E-01 2.70E+05 5.50E+05
10  6 2.44E-02 2.52E+00 3.09E+05 9.91E+05
10  5 3.02E-02 4.45E-01 2.83E+05 1.73E+06
10  4 6.10E-03 2.54E-01 1.68E+05 6.13E+05
10  3 2.52E-01 3.04E-01 1.40E+07 1.80E+06
10  2 7.14E-02 2.96E-01 1.10E+07 2.24E+06
12 10 5.12E-03 3.23E-01 4.69E+05 7.55E+05
12  9 7.74E-03 6.36E-01 3.74E+05 7.88E+05
12  8 1.17E-02 8.07E-01 3.28E+05 1.02E+06
12  7 3.69E-02 3.51E-01 4.80E+05 9.73E+05
12  6 3.63E-02 5.48E-01 3.88E+05 7.36E+05
12  5 4.15E-02 2.33E-01 3.39E+05 3.82E+05
12  4 8.86E-03 3.18E-01 2.11E+05 1.54E+06
12  3 2.52E-01 3.15E-01 1.40E+07 2.64E+06
12  2 9.28E-02 0.00E+00 1.45E+07 1.00E+05
14 11 5.43E-03 4.50E-01 1.05E+06 7.98E+05
14 10 8.86E-03 0.00E+00 1.14E+06 1.00E+05
14  9 1.68E-02 1.80E+00 4.85E+05 1.03E+06
14  8 2.49E-02 1.88E+00 4.15E+05 1.91E+06
14  7 3.13E-02 2.01E+00 3.66E+05 2.11E+06
14  6 4.25E-02 1.22E+00 3.63E+05 2.14E+06
14  5 6.18E-02 3.03E-01 3.88E+05 1.12E+06
14  4 1.38E-02 1.42E+00 2.51E+05 3.93E+06
14  3 3.27E-01 3.06E-01 1.88E+07 3.60E+06
14  2 1.13E-01 2.86E-01 1.99E+07 4.14E+06
16 13 3.14E-02 6.89E-02 1.68E+05 8.04E+04
16 12 1.27E-02 1.87E-01 1.38E+05 1.71E+05
16 11 1.47E-02 1.29E-01 1.80E+06 1.75E+06
16 10 1.34E-02 1.04E+00 6.90E+05 2.15E+06
16  9 2.38E-02 1.12E+00 5.84E+05 2.59E+06
16  8 3.19E-02 1.40E+00 5.17E+05 2.91E+06
16  7 7.13E-02 1.00E+00 6.66E+05 2.32E+06
16  6 8.00E-02 5.55E-01 6.00E+05 2.41E+06
16  5 7.96E-02 1.63E+00 5.09E+05 6.37E+06
16  4 1.34E-02 3.04E-01 2.91E+05 1.04E+06
16  3 4.02E-01 2.98E-01 2.41E+07 4.67E+06
16  2 1.45E-01 2.81E-01 2.54E+07 5.30E+06
26 21 2.54E-01 9.75E-02 7.50E+05 4.69E+05
26 20 2.91E-01 2.29E-01 7.73E+05 6.54E+05
26 19 1.50E-01 4.20E+00 2.62E+05 1.32E+06
26 18 1.40E-01 3.30E+00 2.50E+05 1.33E+06
26 17 1.00E-01 5.30E+00 2.57E+05 1.41E+06
26 16 2.00E-01 1.50E+00 2.84E+05 1.52E+06
26 15 2.40E-01 7.00E-01 8.69E+05 1.51E+06
26 14 2.60E-01 6.00E-01 4.21E+05 1.82E+06
26 13 1.90E-01 5.00E-01 4.57E+05 1.84E+06
26 12 1.20E-01 1.00E+00 2.85E+05 2.31E+06
26 11 3.50E-01 0.00E+00 8.18E+06 1.00E+05
26 10 6.60E-02 7.80E+00 1.51E+06 9.98E+06
26  9 1.00E-01 6.30E+00 1.30E+06 9.98E+06
26  8 1.30E-01 5.50E+00 1.19E+06 1.00E+07
26  7 2.30E-01 3.60E+00 1.09E+06 1.10E+07
26  6 1.40E-01 4.90E+00 9.62E+05 8.34E+06
26  5 1.10E-01 1.60E+00 7.23E+05 1.01E+07
26  4 4.10E-02 4.20E+00 4.23E+05 1.07E+07
26  3 7.47E-01 2.84E-01 5.84E+07 1.17E+07
26  2 3.69E-01 0.00E+00 6.00E+07 1.00E+05
summers2
  4.09E-12  4.09E-12  4.11E-12  4.22E-12  4.97E-12  1.34E-11  9.40E-10  8.12E-07
  2.51E-12  2.51E-12  2.51E-12  2.55E-12  2.76E-12  4.59E-12  7.00E-11  2.88E-08
  1.51E-12  1.51E-12  1.51E-12  1.51E-12  1.57E-12  2.02E-12  9.10E-12  1.57E-09
  7.41E-13  7.41E-13  7.41E-13  7.42E-13  7.52E-13  8.20E-13  1.43E-12  1.04E-10
  4.17E-13  4.17E-13  4.17E-13  4.18E-13  4.19E-13  4.32E-13  5.33E-13  2.20E-11
  2.25E-13  2.25E-13  2.25E-13  2.25E-13  2.25E-13  2.26E-13  2.34E-13  5.88E-12
  9.22E-14  9.22E-14  9.22E-14  9.22E-14  9.21E-14  9.13E-14  8.59E-14  1.21E-12
  4.43E-14  4.43E-14  4.43E-14  4.43E-14  4.41E-14  4.37E-14  3.98E-14  3.69E-13
  3.48E-12  3.48E-12  3.50E-12  3.59E-12  4.24E-12  1.14E-11  7.88E-10  6.54E-07
  2.14E-12  2.14E-12  2.15E-12  2.17E-12  2.36E-12  3.95E-12  5.85E-11  1.87E-08
  1.36E-12  1.36E-12  1.36E-12  1.36E-12  1.41E-12  1.79E-12  7.64E-12  9.27E-10
  2.52E-12  2.52E-12  2.51E-12  2.48E-12  2.26E-12  1.61E-12  1.35E-12  6.05E-11
  3.84E-12  3.84E-12  3.83E-12  3.76E-12  3.33E-12  1.90E-12  6.17E-13  1.35E-11
  3.05E-12  3.05E-12  3.04E-12  2.99E-12  2.62E-12  1.42E-12  3.13E-13  3.88E-12
  1.28E-12  1.28E-12  1.28E-12  1.26E-12  1.11E-12  6.04E-13  1.21E-13  8.60E-13
  5.43E-13  5.42E-13  5.41E-13  5.33E-13  4.75E-13  2.67E-13  5.63E-14  2.84E-13
  3.68E-12  3.69E-12  3.73E-12  4.01E-12  6.10E-12  6.17E-11  3.08E-08  3.08E-05
  1.85E-12  1.85E-12  1.85E-12  1.90E-12  2.25E-12  6.42E-12  4.60E-10  4.31E-07
  1.07E-12  1.07E-12  1.07E-12  1.08E-12  1.17E-12  1.93E-12  3.37E-11  2.95E-08
  6.01E-13  6.01E-13  6.00E-13  6.03E-13  6.21E-13  7.57E-13  5.02E-12  4.05E-09
  1.37E-12  1.37E-12  1.37E-12  1.34E-12  1.18E-12  6.46E-13  8.29E-13  5.69E-10
  3.77E-12  3.77E-12  3.76E-12  3.67E-12  3.11E-12  1.30E-12  3.07E-13  1.62E-10
  3.98E-12  3.98E-12  3.96E-12  3.87E-12  3.28E-12  1.30E-12  1.34E-13  4.87E-11
  1.96E-12  1.96E-12  1.96E-12  1.91E-12  1.64E-12  6.63E-13  4.41E-14  1.02E-11
  8.70E-13  8.70E-13  8.66E-13  8.48E-13  7.31E-13  3.09E-13  1.84E-14  3.08E-12
  8.57E-12  8.62E-12  9.05E-12  1.19E-11  6.39E-11  9.84E-09  9.47E-06  9.47E-03
  5.15E-12  5.14E-12  5.21E-12  5.90E-12  1.32E-11  4.63E-10  3.98E-07  3.98E-04
  1.24E-11  1.11E-11  8.33E-12  6.23E-12  6.38E-12  4.59E-11  1.99E-08  1.94E-05
  4.77E-11  4.12E-11  2.54E-11  1.27E-11  5.80E-12  5.91E-12  1.49E-10  1.10E-07
  4.66E-11  4.06E-11  2.47E-11  1.17E-11  4.32E-12  2.07E-12  9.86E-12  6.12E-09
  3.42E-11  3.09E-11  2.09E-11  1.10E-11  4.24E-12  1.27E-12  1.71E-12  8.84E-10
  1.92E-11  1.82E-11  1.41E-11  8.53E-12  3.42E-12  7.39E-13  3.63E-13  1.49E-10
  9.81E-12  9.42E-12  7.67E-12  4.84E-12  1.96E-12  3.93E-13  1.44E-13  5.02E-11
  4.25E-12  4.12E-12  3.44E-12  2.23E-12  9.16E-13  1.83E-13  6.09E-14  1.76E-11
  1.22E-12  1.20E-12  1.02E-12  6.75E-13  2.87E-13  6.10E-14  1.96E-14  4.25E-12
  4.77E-12  4.77E-12  4.79E-12  4.93E-12  5.80E-12  1.56E-11  1.10E-09  9.48E-07
  2.93E-12  2.93E-12  2.93E-12  2.97E-12  3.21E-12  5.35E-12  8.16E-11  3.39E-08
  1.76E-12  1.76E-12  1.76E-12  1.77E-12  1.83E-12  2.35E-12  1.06E-11  1.86E-09
  8.64E-13  8.64E-13  8.64E-13  8.64E-13  8.78E-13  9.57E-13  1.66E-12  1.23E-10
  4.86E-13  4.86E-13  4.86E-13  4.87E-13  4.89E-13  5.04E-13  6.21E-13  2.59E-11
  2.62E-13  2.62E-13  2.62E-13  2.62E-13  2.63E-13  2.63E-13  2.74E-13  6.91E-12
  1.07E-13  1.07E-13  1.07E-13  1.07E-13  1.07E-13  1.07E-13  1.00E-13  1.41E-12
  5.17E-14  5.17E-14  5.17E-14  5.16E-14  5.15E-14  5.09E-14  4.65E-14  4.32E-13
  4.16E-12  4.16E-12  4.18E-12  4.29E-12  5.07E-12  1.36E-11  9.46E-10  7.93E-07
  2.56E-12  2.56E-12  2.57E-12  2.60E-12  2.82E-12  4.72E-12  7.01E-11  2.37E-08
  1.64E-12  1.64E-12  1.64E-12  1.64E-12  1.70E-12  2.16E-12  9.18E-12  1.20E-09
  2.73E-12  2.73E-12  2.73E-12  2.70E-12  2.53E-12  1.92E-12  1.63E-12  7.85E-11
  3.71E-12  3.71E-12  3.70E-12  3.65E-12  3.34E-12  2.09E-12  7.32E-13  1.75E-11
  2.78E-12  2.78E-12  2.77E-12  2.74E-12  2.48E-12  1.48E-12  3.64E-13  5.01E-12
  1.13E-12  1.13E-12  1.13E-12  1.11E-12  1.01E-12  6.07E-13  1.38E-13  1.09E-12
  4.73E-13  4.72E-13  4.72E-13  4.67E-13  4.28E-13  2.65E-13  6.40E-14  4.40E-13
  4.59E-12  4.60E-12  4.65E-12  4.99E-12  7.60E-12  7.70E-11  3.88E-08  3.87E-05
  2.30E-12  2.30E-12  2.31E-12  2.37E-12  2.80E-12  8.00E-12  6.17E-10  5.83E-07
  1.33E-12  1.33E-12  1.33E-12  1.34E-12  1.45E-12  2.40E-12  4.63E-11  4.12E-08
  7.55E-13  7.55E-13  7.55E-13  7.58E-13  7.80E-13  9.45E-13  6.98E-12  5.79E-09
  1.80E-12  1.80E-12  1.79E-12  1.77E-12  1.59E-12  9.01E-13  1.14E-12  8.10E-10
  3.94E-12  3.94E-12  3.93E-12  3.86E-12  3.39E-12  1.53E-12  4.15E-13  2.31E-10
  3.69E-12  3.69E-12  3.68E-12  3.61E-12  3.17E-12  1.37E-12  1.74E-13  7.00E-11
  1.69E-12  1.69E-12  1.69E-12  1.66E-12  1.47E-12  6.48E-13  5.39E-14  1.44E-11
  7.31E-13  7.31E-13  7.29E-13  7.18E-13  6.38E-13  2.94E-13  2.18E-14  4.34E-12
  1.12E-11  1.13E-11  1.19E-11  1.57E-11  8.54E-11  1.39E-08  1.35E-05  1.35E-02
  9.84E-12  9.54E-12  8.96E-12  9.37E-12  1.87E-11  6.50E-10  5.65E-07  5.65E-04
  2.87E-11  2.54E-11  1.78E-11  1.17E-11  9.76E-12  6.33E-11  2.98E-08  2.96E-05
  5.43E-11  4.72E-11  2.93E-11  1.43E-11  6.18E-12  7.23E-12  3.01E-10  2.60E-07
  4.15E-11  3.68E-11  2.34E-11  1.35E-11  4.74E-12  2.68E-12  1.98E-11  1.51E-08
  3.04E-11  2.82E-11  2.08E-11  1.24E-11  5.34E-12  1.74E-12  3.10E-12  2.03E-09
  1.71E-11  1.65E-11  1.37E-11  9.22E-12  4.00E-12  9.20E-13  5.73E-13  2.98E-10
  8.54E-12  8.31E-12  7.17E-12  4.97E-12  2.17E-12  4.63E-13  2.11E-13  9.29E-11
  3.64E-12  3.56E-12  3.13E-12  2.22E-12  9.82E-13  2.09E-13  8.48E-14  3.11E-11
  1.04E-12  1.02E-12  9.10E-13  6.59E-13  3.00E-13  6.85E-14  2.61E-14  7.25E-12
  8.55E-12  8.61E-12  9.03E-12  1.19E-11  6.39E-11  9.84E-09  9.47E-06  9.47E-03
  4.74E-12  4.75E-12  4.86E-12  5.60E-12  1.29E-11  4.62E-10  3.98E-07  3.98E-04
  3.24E-12  3.23E-12  3.21E-12  3.35E-12  4.91E-12  4.53E-11  2.00E-08  1.95E-05
  3.24E-11  3.07E-11  2.36E-11  1.47E-11  8.76E-12  8.40E-12  1.54E-10  1.15E-07
  7.98E-11  7.53E-11  5.51E-11  2.93E-11  1.20E-11  4.20E-12  1.01E-11  6.32E-09
  8.41E-11  8.00E-11  5.95E-11  3.17E-11  1.18E-11  2.63E-12  1.75E-12  9.02E-10
  4.98E-11  4.80E-11  3.80E-11  2.21E-11  8.50E-12  1.54E-12  3.82E-13  1.60E-10
  2.53E-11  2.46E-11  2.01E-11  1.23E-11  4.86E-12  8.43E-13  1.54E-13  5.68E-11
  1.09E-11  1.07E-11  8.93E-12  5.63E-12  2.27E-12  3.95E-13  6.55E-14  2.07E-11
  3.14E-12  3.09E-12  2.63E-12  1.71E-12  7.12E-13  1.31E-13  2.10E-14  5.17E-12
  5.46E-12  5.46E-12  5.48E-12  5.63E-12  6.62E-12  1.79E-11  1.25E-09  1.08E-06
  3.34E-12  3.34E-12  3.35E-12  3.40E-12  3.67E-12  6.12E-12  9.33E-11  3.90E-08
  2.01E-12  2.01E-12  2.01E-12  2.03E-12  2.10E-12  2.69E-12  1.22E-11  2.14E-09
  9.87E-13  9.87E-13  9.87E-13  9.87E-13  1.00E-12  1.09E-12  1.90E-12  1.41E-10
  5.56E-13  5.56E-13  5.56E-13  5.57E-13  5.59E-13  5.76E-13  7.10E-13  2.97E-11
  3.00E-13  3.00E-13  3.00E-13  3.00E-13  3.00E-13  3.01E-13  3.13E-13  7.94E-12
  1.23E-13  1.23E-13  1.23E-13  1.23E-13  1.23E-13  1.22E-13  1.15E-13  1.62E-12
  5.90E-14  5.90E-14  5.90E-14  5.89E-14  5.88E-14  5.82E-14  5.31E-14  4.94E-13
  4.85E-12  4.85E-12  4.86E-12  5.00E-12  5.90E-12  1.59E-11  1.10E-09  9.33E-07
  2.98E-12  2.97E-12  2.98E-12  3.02E-12  3.28E-12  5.49E-12  8.17E-11  2.87E-08
  1.92E-12  1.92E-12  1.92E-12  1.93E-12  2.00E-12  2.52E-12  1.07E-11  1.47E-09
  2.86E-12  2.86E-12  2.86E-12  2.84E-12  2.71E-12  2.17E-12  1.89E-12  9.67E-11
  3.54E-12  3.54E-12  3.52E-12  3.50E-12  3.26E-12  2.20E-12  8.41E-13  2.15E-11
  2.53E-12  2.53E-12  2.53E-12  2.50E-12  2.32E-12  1.49E-12  4.12E-13  6.17E-12
  1.00E-12  1.00E-12  1.00E-12  9.94E-13  9.24E-13  6.01E-13  1.55E-13  1.33E-12
  4.19E-13  4.19E-13  4.18E-13  4.15E-13  3.89E-13  2.60E-13  7.15E-14  5.75E-13
  5.50E-12  5.51E-12  5.57E-12  5.97E-12  9.10E-12  9.23E-11  4.68E-08  4.66E-05
  2.75E-12  2.75E-12  2.77E-12  2.84E-12  3.35E-12  9.57E-12  7.76E-10  7.38E-07
  1.59E-12  1.59E-12  1.59E-12  1.60E-12  1.73E-12  2.87E-12  5.93E-11  5.33E-08
  9.12E-13  9.12E-13  9.15E-13  9.17E-13  9.43E-13  1.14E-12  9.01E-12  7.59E-09
  2.08E-12  2.08E-12  2.07E-12  2.05E-12  1.88E-12  1.12E-12  1.47E-12  1.07E-09
  3.93E-12  3.93E-12  3.93E-12  3.87E-12  3.49E-12  1.69E-12  5.22E-13  3.03E-10
  3.41E-12  3.41E-12  3.41E-12  3.36E-12  3.02E-12  1.41E-12  2.12E-13  9.26E-11
  1.49E-12  1.49E-12  1.49E-12  1.47E-12  1.33E-12  6.34E-13  6.29E-14  1.89E-11
  6.34E-13  6.34E-13  6.32E-13  6.24E-13  5.67E-13  2.82E-13  2.49E-14  5.68E-12
  1.57E-11  1.58E-11  1.65E-11  2.13E-11  1.09E-10  1.80E-08  1.74E-05  1.74E-02
  1.78E-11  1.69E-11  1.48E-11  1.41E-11  2.47E-11  8.32E-10  7.27E-07  7.27E-04
  4.44E-11  3.94E-11  2.70E-11  1.66E-11  1.25E-11  8.03E-11  3.94E-08  3.91E-05
  5.17E-11  4.54E-11  2.86E-11  1.41E-11  6.26E-12  8.60E-12  4.73E-10  4.29E-07
  3.66E-11  3.30E-11  2.23E-11  1.22E-11  5.49E-12  3.41E-12  3.19E-11  2.63E-08
  2.82E-11  2.66E-11  2.11E-11  1.40E-11  6.60E-12  2.24E-12  4.81E-12  3.50E-09
  1.59E-11  1.55E-11  1.35E-11  9.82E-12  4.59E-12  1.10E-12  8.26E-13  4.90E-10
  7.79E-12  7.64E-12  6.84E-12  5.11E-12  2.39E-12  5.34E-13  2.91E-13  1.47E-10
  3.28E-12  3.23E-12  2.93E-12  2.23E-12  1.06E-12  2.37E-13  1.12E-13  4.76E-11
  9.29E-13  9.18E-13  8.42E-13  6.53E-13  3.19E-13  7.70E-14  3.33E-14  1.08E-11
  1.10E-11  1.11E-11  1.16E-11  1.54E-11  8.55E-11  1.39E-08  1.35E-05  1.35E-02
  5.79E-12  5.81E-12  5.99E-12  6.99E-12  1.66E-11  6.48E-10  5.65E-07  5.65E-04
  9.08E-12  8.83E-12  7.97E-12  6.98E-12  8.09E-12  6.32E-11  2.97E-08  2.96E-05
  6.94E-11  6.56E-11  4.94E-11  2.86E-11  1.45E-11  1.06E-11  3.02E-10  2.60E-07
  9.60E-11  9.08E-11  6.69E-11  3.54E-11  1.38E-11  4.52E-12  1.97E-11  1.50E-08
  7.86E-11  7.51E-11  5.77E-11  3.25E-11  1.27E-11  3.01E-12  3.14E-12  2.04E-09
  4.21E-11  4.09E-11  3.38E-11  2.15E-11  8.95E-12  1.75E-12  6.04E-13  3.18E-10
  2.07E-11  2.03E-11  1.73E-11  1.15E-11  4.92E-12  9.16E-13  2.28E-13  1.04E-10
  8.74E-12  8.61E-12  7.49E-12  5.14E-12  2.24E-12  4.17E-13  9.21E-14  3.62E-11
  2.48E-12  2.46E-12  2.17E-12  1.53E-12  6.88E-13  1.36E-13  2.82E-14  8.65E-12
  8.64E-12  8.70E-12  9.13E-12  1.20E-11  6.44E-11  9.85E-09  9.47E-06  9.47E-03
  4.81E-12  4.83E-12  4.94E-12  5.69E-12  1.31E-11  4.64E-10  3.98E-07  3.98E-04
  3.15E-12  3.15E-12  3.18E-12  3.39E-12  5.04E-12  4.75E-11  1.92E-08  1.72E-05
  9.12E-12  9.00E-12  8.41E-12  6.29E-12  4.52E-12  6.49E-12  9.64E-11  5.14E-08
  3.34E-11  3.29E-11  2.99E-11  1.88E-11  8.56E-12  3.61E-12  6.93E-12  2.92E-09
  5.23E-11  5.16E-11  4.75E-11  3.06E-11  1.28E-11  3.15E-12  1.40E-12  5.16E-10
  4.72E-11  4.68E-11  4.42E-11  3.10E-11  1.32E-11  2.58E-12  3.64E-13  1.23E-10
  2.83E-11  2.81E-11  2.69E-11  1.96E-11  8.45E-12  1.56E-12  1.59E-13  4.94E-11
  1.33E-11  1.32E-11  1.27E-11  9.49E-12  4.16E-12  7.58E-13  7.06E-14  1.93E-11
  4.02E-12  4.01E-12  3.87E-12  2.96E-12  1.33E-12  2.54E-13  2.36E-14  5.07E-12
  6.82E-12  6.82E-12  6.84E-12  7.05E-12  8.28E-12  2.23E-11  1.57E-09  1.36E-06
  4.18E-12  4.18E-12  4.19E-12  4.24E-12  4.59E-12  7.64E-12  1.17E-10  4.92E-08
  2.51E-12  2.51E-12  2.51E-12  2.53E-12  2.62E-12  3.37E-12  1.52E-11  2.70E-09
  1.23E-12  1.23E-12  1.23E-12  1.23E-12  1.26E-12  1.37E-12  2.38E-12  1.79E-10
  6.94E-13  6.94E-13  6.94E-13  6.95E-13  6.99E-13  7.20E-13  8.88E-13  3.75E-11
  3.74E-13  3.74E-13  3.74E-13  3.74E-13  3.76E-13  3.77E-13  3.91E-13  9.98E-12
  1.53E-13  1.53E-13  1.53E-13  1.53E-13  1.53E-13  1.52E-13  1.43E-13  2.02E-12
  7.38E-14  7.38E-14  7.38E-14  7.37E-14  7.36E-14  7.27E-14  6.63E-14  6.18E-13
  6.21E-12  6.21E-12  6.23E-12  6.40E-12  7.55E-12  2.04E-11  1.42E-09  1.21E-06
  3.81E-12  3.81E-12  3.82E-12  3.87E-12  4.20E-12  7.03E-12  1.05E-10  3.87E-08
  2.45E-12  2.46E-12  2.46E-12  2.47E-12  2.56E-12  3.23E-12  1.38E-11  2.02E-09
  2.97E-12  2.97E-12  2.97E-12  2.96E-12  2.89E-12  2.51E-12  2.41E-12  1.34E-10
  3.14E-12  3.14E-12  3.13E-12  3.12E-12  2.98E-12  2.26E-12  1.04E-12  2.97E-11
  2.10E-12  2.10E-12  2.10E-12  2.08E-12  1.99E-12  1.44E-12  4.98E-13  8.51E-12
  8.14E-13  8.14E-13  8.14E-13  8.09E-13  7.72E-13  5.65E-13  1.85E-13  1.81E-12
  3.42E-13  3.42E-13  3.42E-13  3.40E-13  3.26E-13  2.44E-13  8.52E-14  5.84E-13
  7.31E-12  7.32E-12  7.40E-12  7.94E-12  1.21E-11  1.23E-10  6.27E-08  6.24E-05
  3.66E-12  3.66E-12  3.68E-12  3.77E-12  4.45E-12  1.27E-11  1.10E-09  1.05E-06
  2.10E-12  2.10E-12  2.11E-12  2.13E-12  2.30E-12  3.82E-12  8.62E-11  7.84E-08
  1.22E-12  1.22E-12  1.23E-12  1.23E-12  1.26E-12  1.51E-12  1.32E-11  1.13E-08
  2.23E-12  2.23E-12  2.23E-12  2.21E-12  2.09E-12  1.37E-12  2.14E-12  1.61E-09
  3.39E-12  3.39E-12  3.39E-12  3.35E-12  3.12E-12  1.72E-12  7.30E-13  4.54E-10
  2.65E-12  2.65E-12  2.65E-12  2.62E-12  2.42E-12  1.29E-12  2.83E-13  1.40E-10
  1.09E-12  1.09E-12  1.09E-12  1.08E-12  1.00E-12  5.41E-13  7.94E-14  2.85E-11
  4.55E-13  4.55E-13  4.54E-13  4.50E-13  4.20E-13  2.35E-13  3.04E-14  8.51E-12
  3.06E-11  3.05E-11  3.08E-11  3.71E-11  1.61E-10  2.61E-08  2.53E-05  2.53E-02
  3.99E-11  3.72E-11  3.02E-11  2.50E-11  3.65E-11  1.20E-09  1.05E-06  1.05E-03
  6.04E-11  5.42E-11  3.72E-11  2.19E-11  1.58E-11  1.14E-10  5.81E-08  5.77E-05
  4.31E-11  3.86E-11  2.55E-11  1.34E-11  7.03E-12  1.20E-11  7.87E-10  7.36E-07
  3.05E-11  2.84E-11  2.14E-11  1.36E-11  7.71E-12  5.15E-12  5.65E-11  4.91E-08
  2.57E-11  2.49E-11  2.16E-11  1.64E-11  9.04E-12  3.25E-12  8.53E-12  6.74E-09
  1.43E-11  1.40E-11  1.30E-11  1.05E-11  5.59E-12  1.45E-12  1.41E-12  9.51E-10
  6.82E-12  6.75E-12  6.30E-12  5.20E-12  2.77E-12  6.74E-13  4.77E-13  2.81E-10
  2.83E-12  2.80E-12  2.64E-12  2.20E-12  1.19E-12  2.93E-13  1.74E-13  8.72E-11
  7.95E-13  7.89E-13  7.48E-13  6.35E-13  3.55E-13  9.42E-14  4.87E-14  1.91E-11
  1.81E-11  1.83E-11  1.91E-11  2.50E-11  1.32E-10  2.21E-08  2.14E-05  2.14E-02
  1.45E-11  1.44E-11  1.42E-11  1.52E-11  2.95E-11  1.02E-09  8.90E-07  8.90E-04
  4.14E-11  3.96E-11  3.24E-11  2.29E-11  1.83E-11  9.92E-11  4.87E-08  4.84E-05
  1.03E-10  9.74E-11  7.33E-11  3.99E-11  1.71E-11  1.26E-11  6.26E-10  5.76E-07
  8.87E-11  8.46E-11  6.47E-11  3.61E-11  1.48E-11  5.62E-12  4.36E-11  3.69E-08
  6.57E-11  6.36E-11  5.25E-11  3.39E-11  1.55E-11  4.22E-12  6.67E-12  5.05E-09
  3.41E-11  3.35E-11  2.95E-11  2.16E-11  1.05E-11  2.27E-12  1.17E-12  7.50E-10
  1.63E-11  1.61E-11  1.45E-11  1.10E-11  5.45E-12  1.11E-12  4.10E-13  2.31E-10
  6.76E-12  6.70E-12  6.12E-12  4.76E-12  2.40E-12  4.90E-13  1.54E-13  7.58E-11
  1.90E-12  1.88E-12  1.74E-12  1.38E-12  7.15E-13  1.56E-13  4.44E-14  1.72E-11
  1.43E-11  1.44E-11  1.51E-11  1.99E-11  1.09E-10  1.80E-08  1.74E-05  1.74E-02
  8.99E-12  9.01E-12  9.20E-12  1.04E-11  2.26E-11  8.32E-10  7.27E-07  7.27E-04
  1.04E-11  1.04E-11  1.02E-11  9.92E-12  1.16E-11  8.07E-11  3.66E-08  3.60E-05
  3.67E-11  3.61E-11  3.26E-11  2.49E-11  1.29E-11  1.10E-11  3.21E-10  2.63E-07
  5.01E-11  4.92E-11  4.46E-11  3.36E-11  1.49E-11  5.53E-12  2.13E-11  1.51E-08
  5.64E-11  5.58E-11  5.25E-11  4.25E-11  2.00E-11  5.24E-12  3.66E-12  2.24E-09
  4.10E-11  4.08E-11  3.93E-11  3.36E-11  1.63E-11  3.38E-12  7.82E-13  4.06E-10
  2.18E-11  2.17E-11  2.11E-11  1.84E-11  8.99E-12  1.76E-12  3.06E-13  1.42E-10
  9.56E-12  9.54E-12  9.30E-12  8.21E-12  4.06E-12  7.86E-13  1.25E-13  5.10E-11
  2.76E-12  2.76E-12  2.70E-12  2.42E-12  1.23E-12  2.51E-13  3.84E-14  1.25E-11
  1.12E-11  1.13E-11  1.19E-11  1.58E-11  8.65E-11  1.39E-08  1.35E-05  1.35E-02
  6.10E-12  6.13E-12  6.27E-12  7.26E-12  1.71E-11  6.51E-10  5.65E-07  5.65E-04
  4.12E-12  4.13E-12  4.17E-12  4.45E-12  6.62E-12  6.32E-11  2.59E-08  2.38E-05
  1.09E-11  1.09E-11  1.06E-11  8.86E-12  5.96E-12  8.11E-12  1.35E-10  7.57E-08
  2.62E-11  2.61E-11  2.53E-11  1.94E-11  8.97E-12  3.94E-12  9.73E-12  4.46E-09
  4.16E-11  4.15E-11  4.07E-11  3.30E-11  1.58E-11  4.37E-12  2.02E-12  8.53E-10
  4.41E-11  4.40E-11  4.35E-11  3.74E-11  1.85E-11  4.04E-12  5.41E-13  2.14E-10
  2.74E-11  2.74E-11  2.72E-11  2.39E-11  1.19E-11  2.42E-12  2.34E-13  8.65E-11
  1.30E-11  1.30E-11  1.30E-11  1.15E-11  5.79E-12  1.17E-12  1.03E-13  3.35E-11
  3.95E-12  3.96E-12  3.93E-12  3.56E-12  1.84E-12  3.87E-13  3.37E-14  8.66E-12
  8.74E-12  8.80E-12  9.23E-12  1.22E-11  6.49E-11  9.86E-09  9.47E-06  9.47E-03
  4.88E-12  4.90E-12  5.01E-12  5.77E-12  1.32E-11  4.65E-10  3.98E-07  3.98E-04
  2.99E-12  2.99E-12  3.02E-12  3.24E-12  4.91E-12  4.60E-11  1.64E-08  1.17E-05
  3.99E-12  3.92E-12  3.53E-12  2.89E-12  2.62E-12  5.60E-12  7.18E-11  2.24E-08
  1.50E-11  1.45E-11  1.19E-11  7.31E-12  3.77E-12  2.39E-12  5.77E-12  1.58E-09
  2.82E-11  2.76E-11  2.34E-11  1.52E-11  7.14E-12  2.25E-12  1.31E-12  3.94E-10
  4.30E-11  4.26E-11  3.94E-11  3.00E-11  1.50E-11  3.52E-12  3.84E-13  1.21E-10
  3.38E-11  3.36E-11  3.17E-11  2.52E-11  1.28E-11  2.78E-12  1.78E-13  5.27E-11
  1.83E-11  1.82E-11  1.74E-11  1.41E-11  7.19E-12  1.54E-12  8.26E-14  2.16E-11
  6.03E-12  6.01E-12  5.77E-12  4.76E-12  2.49E-12  5.50E-13  2.86E-14  5.88E-12
  8.20E-12  8.20E-12  8.21E-12  8.46E-12  9.93E-12  2.68E-11  1.88E-09  1.63E-06
  5.01E-12  5.01E-12  5.03E-12  5.09E-12  5.51E-12  9.17E-12  1.40E-10  5.94E-08
  3.01E-12  3.01E-12  3.01E-12  3.04E-12  3.15E-12  4.04E-12  1.83E-11  3.27E-09
  1.48E-12  1.48E-12  1.48E-12  1.48E-12  1.51E-12  1.64E-12  2.86E-12  2.16E-10
  8.33E-13  8.33E-13  8.33E-13  8.34E-13  8.39E-13  8.64E-13  1.07E-12  4.52E-11
  4.49E-13  4.49E-13  4.49E-13  4.49E-13  4.51E-13  4.52E-13  4.69E-13  1.20E-11
  1.84E-13  1.84E-13  1.84E-13  1.84E-13  1.84E-13  1.83E-13  1.72E-13  2.43E-12
  8.85E-14  8.85E-14  8.85E-14  8.84E-14  8.83E-14  8.72E-14  7.96E-14  7.43E-13
  7.57E-12  7.57E-12  7.60E-12  7.80E-12  9.20E-12  2.49E-11  1.74E-09  1.49E-06
  4.65E-12  4.65E-12  4.66E-12  4.72E-12  5.12E-12  8.57E-12  1.28E-10  4.88E-08
  2.97E-12  2.98E-12  2.98E-12  2.99E-12  3.10E-12  3.92E-12  1.69E-11  2.58E-09
  3.00E-12  3.00E-12  3.00E-12  3.00E-12  2.96E-12  2.72E-12  2.90E-12  1.72E-10
  2.80E-12  2.80E-12  2.79E-12  2.79E-12  2.70E-12  2.21E-12  1.22E-12  3.80E-11
  1.78E-12  1.78E-12  1.79E-12  1.77E-12  1.72E-12  1.35E-12  5.74E-13  1.09E-11
  6.87E-13  6.87E-13  6.87E-13  6.84E-13  6.62E-13  5.25E-13  2.12E-13  2.30E-12
  2.93E-13  2.93E-13  2.93E-13  2.92E-13  2.83E-13  2.29E-13  9.76E-14  4.17E-13
  9.13E-12  9.14E-12  9.24E-12  9.91E-12  1.51E-11  1.53E-10  7.85E-08  7.82E-05
  4.56E-12  4.56E-12  4.58E-12  4.71E-12  5.55E-12  1.59E-11  1.42E-09  1.37E-06
  2.62E-12  2.62E-12  2.63E-12  2.65E-12  2.86E-12  4.76E-12  1.14E-10  1.04E-07
  1.52E-12  1.52E-12  1.53E-12  1.53E-12  1.57E-12  1.88E-12  1.74E-11  1.51E-08
  2.12E-12  2.12E-12  2.12E-12  2.10E-12  2.02E-12  1.44E-12  2.82E-12  2.17E-09
  2.66E-12  2.66E-12  2.67E-12  2.64E-12  2.50E-12  1.52E-12  9.34E-13  6.11E-10
  1.92E-12  1.92E-12  1.92E-12  1.91E-12  1.79E-12  1.05E-12  3.50E-13  1.88E-10
  7.62E-13  7.62E-13  7.61E-13  7.55E-13  7.12E-13  4.22E-13  9.48E-14  3.86E-11
  3.16E-13  3.16E-13  3.15E-13  3.13E-13  2.96E-13  1.81E-13  3.55E-14  1.15E-11
  4.63E-11  4.57E-11  4.51E-11  5.16E-11  2.10E-10  3.41E-08  3.31E-05  3.31E-02
  5.62E-11  5.25E-11  4.19E-11  3.30E-11  4.62E-11  1.56E-09  1.38E-06  1.38E-03
  6.07E-11  5.53E-11  3.92E-11  2.37E-11  1.82E-11  1.47E-10  7.65E-08  7.62E-05
  3.61E-11  3.30E-11  2.32E-11  1.35E-11  8.32E-12  1.57E-11  1.09E-09  1.03E-06
  2.68E-11  2.55E-11  2.07E-11  1.51E-11  9.71E-12  6.91E-12  8.16E-11  7.22E-08
  2.31E-11  2.26E-11  2.05E-11  1.69E-11  1.05E-11  4.14E-12  1.25E-11  1.02E-08
  1.24E-11  1.22E-11  1.16E-11  9.96E-12  5.97E-12  1.74E-12  2.06E-12  1.47E-09
  5.81E-12  5.77E-12  5.50E-12  4.80E-12  2.88E-12  7.91E-13  6.80E-13  4.33E-10
  2.39E-12  2.38E-12  2.28E-12  2.01E-12  1.22E-12  3.41E-13  2.42E-13  1.33E-10
  6.73E-13  6.70E-13  6.46E-13  5.76E-13  3.61E-13  1.09E-13  6.54E-14  2.85E-11
  2.82E-11  2.83E-11  2.94E-11  3.72E-11  1.80E-10  3.01E-08  2.92E-05  2.92E-02
  3.26E-11  3.22E-11  3.03E-11  2.91E-11  4.56E-11  1.39E-09  1.22E-06  1.22E-03
  7.91E-11  7.59E-11  6.15E-11  4.07E-11  2.78E-11  1.34E-10  6.72E-08  6.69E-05
  1.01E-10  9.63E-11  7.39E-11  4.04E-11  1.70E-11  1.52E-11  9.28E-10  8.65E-07
  7.49E-11  7.21E-11  5.77E-11  3.49E-11  1.64E-11  7.58E-12  6.81E-11  5.95E-08
  5.56E-11  5.45E-11  4.73E-11  3.41E-11  1.81E-11  5.65E-12  1.06E-11  8.35E-09
  2.85E-11  2.82E-11  2.58E-11  2.06E-11  1.13E-11  2.76E-12  1.82E-12  1.27E-09
  1.34E-11  1.33E-11  1.24E-11  1.02E-11  5.68E-12  1.30E-12  6.21E-13  3.87E-10
  5.50E-12  5.47E-12  5.14E-12  4.30E-12  2.44E-12  5.59E-13  2.25E-13  1.23E-10
  1.54E-12  1.52E-12  1.45E-12  1.23E-12  7.18E-13  1.75E-13  6.20E-14  2.73E-11
  1.87E-11  1.88E-11  1.98E-11  2.64E-11  1.52E-10  2.61E-08  2.53E-05  2.53E-02
  1.53E-11  1.52E-11  1.52E-11  1.63E-11  3.30E-11  1.20E-09  1.05E-06  1.05E-03
  2.94E-11  2.92E-11  2.79E-11  2.48E-11  2.22E-11  1.14E-10  5.31E-08  5.26E-05
  5.21E-11  5.13E-11  4.65E-11  3.50E-11  1.67E-11  1.43E-11  6.38E-10  5.73E-07
  5.53E-11  5.46E-11  5.06E-11  4.05E-11  2.02E-11  8.46E-12  4.40E-11  3.57E-08
  6.06E-11  6.01E-11  5.78E-11  5.01E-11  2.70E-11  7.67E-12  7.04E-12  5.05E-09
  3.96E-11  3.95E-11  3.86E-11  3.47E-11  1.88E-11  4.18E-12  1.36E-12  8.39E-10
  1.99E-11  1.99E-11  1.95E-11  1.78E-11  9.71E-12  2.02E-12  4.92E-13  2.71E-10
  8.45E-12  8.44E-12  8.30E-12  7.65E-12  4.22E-12  8.72E-13  1.90E-13  9.28E-11
  2.39E-12  2.39E-12  2.36E-12  2.20E-12  1.25E-12  2.73E-13  5.53E-14  2.18E-11
  1.82E-11  1.83E-11  1.91E-11  2.50E-11  1.32E-10  2.21E-08  2.14E-05  2.14E-02
  1.11E-11  1.12E-11  1.14E-11  1.29E-11  2.78E-11  1.02E-09  8.90E-07  8.90E-04
  1.17E-11  1.17E-11  1.16E-11  1.13E-11  1.31E-11  9.57E-11  4.35E-08  4.26E-05
  2.95E-11  2.93E-11  2.85E-11  2.20E-11  1.16E-11  1.19E-11  3.63E-10  2.90E-07
  4.01E-11  4.01E-11  3.90E-11  3.11E-11  1.56E-11  6.78E-12  2.46E-11  1.70E-08
  5.79E-11  5.79E-11  5.71E-11  4.93E-11  2.70E-11  7.83E-12  4.45E-12  2.69E-09
  4.92E-11  4.91E-11  4.88E-11  4.38E-11  2.42E-11  5.48E-12  1.00E-12  5.31E-10
  2.72E-11  2.72E-11  2.70E-11  2.46E-11  1.36E-11  2.88E-12  3.97E-13  1.92E-10
  1.21E-11  1.21E-11  1.21E-11  1.11E-11  6.18E-12  1.29E-12  1.63E-13  7.01E-11
  3.52E-12  3.52E-12  3.50E-12  3.27E-12  1.87E-12  4.10E-13  5.00E-14  1.72E-11
  1.43E-11  1.44E-11  1.51E-11  2.00E-11  1.09E-10  1.80E-08  1.74E-05  1.74E-02
  8.17E-12  8.19E-12  8.38E-12  9.61E-12  2.20E-11  8.33E-10  7.27E-07  7.27E-04
  6.92E-12  6.89E-12  6.73E-12  6.72E-12  9.14E-12  8.09E-11  3.55E-08  3.38E-05
  2.28E-11  2.21E-11  1.84E-11  1.19E-11  7.15E-12  9.54E-12  2.17E-10  1.49E-07
  3.41E-11  3.32E-11  2.75E-11  1.74E-11  8.68E-12  4.45E-12  1.52E-11  8.83E-09
  5.26E-11  5.19E-11  4.74E-11  3.65E-11  2.02E-11  6.29E-12  3.06E-12  1.60E-09
  5.75E-11  5.72E-11  5.48E-11  4.60E-11  2.56E-11  6.08E-12  7.89E-13  3.76E-10
  3.56E-11  3.54E-11  3.42E-11  2.93E-11  1.63E-11  3.59E-12  3.33E-13  1.47E-10
  1.68E-11  1.67E-11  1.62E-11  1.40E-11  7.88E-12  1.70E-12  1.42E-13  5.59E-11
  5.06E-12  5.05E-12  4.92E-12  4.31E-12  2.47E-12  5.57E-13  4.48E-14  1.43E-11
  1.44E-11  1.45E-11  1.50E-11  1.89E-11  9.03E-11  1.39E-08  1.35E-05  1.35E-02
  9.13E-12  9.13E-12  9.29E-12  1.03E-11  2.03E-11  6.54E-10  5.65E-07  5.65E-04
  5.13E-12  5.14E-12  5.22E-12  5.59E-12  7.93E-12  6.49E-11  2.39E-08  1.86E-05
  5.38E-12  5.35E-12  5.00E-12  4.28E-12  3.94E-12  7.86E-12  1.04E-10  3.98E-08
  1.37E-11  1.34E-11  1.17E-11  7.95E-12  4.43E-12  3.11E-12  8.32E-12  2.82E-09
  3.02E-11  2.99E-11  2.76E-11  2.08E-11  1.13E-11  3.76E-12  1.92E-12  7.12E-10
  4.75E-11  4.73E-11  4.53E-11  3.76E-11  2.08E-11  5.13E-12  5.68E-13  2.18E-10
  3.44E-11  3.43E-11  3.32E-11  2.82E-11  1.56E-11  3.57E-12  2.58E-13  9.32E-11
  1.76E-11  1.76E-11  1.72E-11  1.47E-11  8.18E-12  1.84E-12  1.16E-13  3.75E-11
  5.60E-12  5.59E-12  5.46E-12  4.75E-12  2.70E-12  6.31E-13  3.90E-14  9.98E-12
  8.90E-12  8.96E-12  9.40E-12  1.24E-11  6.58E-11  9.87E-09  9.47E-06  9.47E-03
  5.01E-12  5.02E-12  5.14E-12  5.92E-12  1.36E-11  4.67E-10  3.98E-07  3.97E-04
  3.04E-12  3.05E-12  3.08E-12  3.31E-12  5.04E-12  4.66E-11  1.50E-08  4.81E-06
  1.60E-12  1.60E-12  1.60E-12  1.64E-12  1.93E-12  5.38E-12  6.08E-11  6.58E-09
  2.01E-12  2.00E-12  1.91E-12  1.63E-12  1.38E-12  1.82E-12  5.33E-12  8.16E-10
  8.05E-12  7.99E-12  7.53E-12  5.88E-12  3.39E-12  1.52E-12  1.30E-12  3.04E-10
  2.81E-11  2.80E-11  2.71E-11  2.27E-11  1.27E-11  3.37E-12  3.96E-13  1.05E-10
  2.82E-11  2.82E-11  2.74E-11  2.34E-11  1.31E-11  3.19E-12  1.90E-13  4.57E-11
  1.72E-11  1.71E-11  1.67E-11  1.45E-11  8.13E-12  1.94E-12  9.14E-14  1.86E-11
  6.05E-12  6.04E-12  5.92E-12  5.18E-12  2.98E-12  7.34E-13  3.33E-14  5.07E-12
  9.57E-12  9.57E-12  9.58E-12  9.87E-12  1.16E-11  3.13E-11  2.19E-09  1.90E-06
  5.85E-12  5.85E-12  5.86E-12  5.94E-12  6.42E-12  1.07E-11  1.64E-10  6.96E-08
  3.52E-12  3.52E-12  3.52E-12  3.55E-12  3.67E-12  4.72E-12  2.13E-11  3.84E-09
  1.73E-12  1.73E-12  1.73E-12  1.73E-12  1.76E-12  1.91E-12  3.33E-12  2.53E-10
  9.72E-13  9.72E-13  9.72E-13  9.73E-13  9.79E-13  1.01E-12  1.24E-12  5.30E-11
  5.24E-13  5.24E-13  5.24E-13  5.24E-13  5.26E-13  5.28E-13  5.48E-13  1.41E-11
  2.15E-13  2.15E-13  2.15E-13  2.15E-13  2.15E-13  2.13E-13  2.01E-13  2.84E-12
  1.03E-13  1.03E-13  1.03E-13  1.03E-13  1.03E-13  1.02E-13  9.28E-14  8.68E-13
  8.93E-12  8.93E-12  8.98E-12  9.20E-12  1.09E-11  2.94E-11  2.05E-09  1.76E-06
  5.48E-12  5.49E-12  5.50E-12  5.57E-12  6.04E-12  1.01E-11  1.52E-10  5.89E-08
  3.47E-12  3.48E-12  3.48E-12  3.50E-12  3.63E-12  4.61E-12  1.99E-11  3.14E-09
  3.04E-12  3.04E-12  3.04E-12  3.04E-12  3.02E-12  2.90E-12  3.38E-12  2.10E-10
  2.58E-12  2.58E-12  2.57E-12  2.57E-12  2.51E-12  2.17E-12  1.39E-12  4.64E-11
  1.58E-12  1.58E-12  1.58E-12  1.57E-12  1.54E-12  1.28E-12  6.46E-13  1.32E-11
  6.09E-13  6.09E-13  6.08E-13  6.07E-13  5.92E-13  4.96E-13  2.37E-13  2.79E-12
  2.63E-13  2.63E-13  2.63E-13  2.62E-13  2.57E-13  2.19E-13  1.10E-13  2.88E-13
  1.09E-11  1.10E-11  1.11E-11  1.19E-11  1.81E-11  1.84E-10  9.44E-08  9.42E-05
  5.47E-12  5.47E-12  5.49E-12  5.64E-12  6.65E-12  1.90E-11  1.75E-09  1.68E-06
  3.14E-12  3.14E-12  3.15E-12  3.18E-12  3.43E-12  5.70E-12  1.41E-10  1.30E-07
  1.80E-12  1.80E-12  1.81E-12  1.82E-12  1.87E-12  2.25E-12  2.18E-11  1.90E-08
  1.97E-12  1.97E-12  1.97E-12  1.96E-12  1.90E-12  1.46E-12  3.51E-12  2.74E-09
  2.12E-12  2.12E-12  2.12E-12  2.10E-12  2.01E-12  1.32E-12  1.14E-12  7.72E-10
  1.43E-12  1.43E-12  1.43E-12  1.42E-12  1.35E-12  8.52E-13  4.15E-13  2.38E-10
  5.54E-13  5.54E-13  5.54E-13  5.51E-13  5.24E-13  3.33E-13  1.10E-13  4.88E-11
  2.30E-13  2.30E-13  2.29E-13  2.28E-13  2.18E-13  1.42E-13  4.05E-14  1.45E-11
  5.89E-11  5.79E-11  5.61E-11  6.23E-11  2.54E-10  4.20E-08  4.08E-05  4.08E-02
  6.32E-11  5.94E-11  4.79E-11  3.76E-11  5.42E-11  1.93E-09  1.71E-06  1.71E-03
  5.61E-11  5.19E-11  3.84E-11  2.44E-11  2.06E-11  1.81E-10  9.50E-08  9.47E-05
  3.14E-11  2.93E-11  2.19E-11  1.41E-11  9.87E-12  1.95E-11  1.40E-09  1.33E-06
  2.44E-11  2.36E-11  2.01E-11  1.59E-11  1.13E-11  8.58E-12  1.08E-10  9.64E-08
  2.08E-11  2.04E-11  1.90E-11  1.64E-11  1.12E-11  4.92E-12  1.66E-11  1.38E-08
  1.07E-11  1.06E-11  1.02E-11  9.09E-12  6.01E-12  1.98E-12  2.74E-12  2.02E-09
  4.96E-12  4.94E-12  4.76E-12  4.30E-12  2.85E-12  8.90E-13  8.91E-13  5.93E-10
  2.04E-12  2.03E-12  1.97E-12  1.79E-12  1.20E-12  3.82E-13  3.14E-13  1.83E-10
  5.76E-13  5.74E-13  5.59E-13  5.13E-13  3.53E-13  1.22E-13  8.29E-14  3.87E-11
  4.00E-11  4.00E-11  4.12E-11  5.02E-11  2.28E-10  3.80E-08  3.69E-05  3.69E-02
  5.12E-11  5.04E-11  4.64E-11  4.17E-11  5.84E-11  1.75E-09  1.54E-06  1.54E-03
  9.54E-11  9.20E-11  7.54E-11  4.93E-11  3.25E-11  1.68E-10  8.56E-08  8.53E-05
  8.71E-11  8.37E-11  6.63E-11  3.80E-11  1.75E-11  1.86E-11  1.23E-09  1.16E-06
  6.29E-11  6.10E-11  5.09E-11  3.35E-11  1.80E-11  9.73E-12  9.38E-11  8.30E-08
  4.71E-11  4.64E-11  4.17E-11  3.23E-11  1.94E-11  6.91E-12  1.47E-11  1.19E-08
  2.36E-11  2.34E-11  2.19E-11  1.85E-11  1.13E-11  3.14E-12  2.52E-12  1.84E-09
  1.09E-11  1.09E-11  1.03E-11  8.87E-12  5.52E-12  1.44E-12  8.45E-13  5.56E-10
  4.47E-12  4.44E-12  4.25E-12  3.71E-12  2.34E-12  6.12E-13  3.02E-13  1.76E-10
  1.25E-12  1.24E-12  1.19E-12  1.05E-12  6.81E-13  1.90E-13  8.08E-14  3.85E-11
  2.65E-11  2.67E-11  2.79E-11  3.65E-11  1.98E-10  3.41E-08  3.31E-05  3.31E-02
  2.42E-11  2.41E-11  2.36E-11  2.41E-11  4.43E-11  1.57E-09  1.38E-06  1.38E-03
  4.67E-11  4.63E-11  4.38E-11  3.78E-11  3.03E-11  1.46E-10  6.91E-08  6.88E-05
  5.43E-11  5.35E-11  4.92E-11  3.77E-11  1.90E-11  1.82E-11  9.70E-10  8.99E-07
  5.58E-11  5.53E-11  5.23E-11  4.35E-11  2.48E-11  1.18E-11  6.98E-11  5.95E-08
  5.92E-11  5.89E-11  5.73E-11  5.12E-11  3.10E-11  9.84E-12  1.10E-11  8.41E-09
  3.56E-11  3.56E-11  3.50E-11  3.22E-11  1.94E-11  4.79E-12  2.03E-12  1.36E-09
  1.73E-11  1.73E-11  1.70E-11  1.58E-11  9.58E-12  2.22E-12  7.04E-13  4.25E-10
  7.20E-12  7.19E-12  7.11E-12  6.66E-12  4.07E-12  9.39E-13  2.64E-13  1.42E-10
  2.02E-12  2.02E-12  2.00E-12  1.89E-12  1.19E-12  2.90E-13  7.39E-14  3.25E-11
  2.68E-11  2.70E-11  2.82E-11  3.59E-11  1.80E-10  3.01E-08  2.92E-05  2.92E-02
  1.91E-11  1.91E-11  1.93E-11  2.10E-11  4.04E-11  1.39E-09  1.22E-06  1.22E-03
  2.48E-11  2.48E-11  2.45E-11  2.21E-11  2.11E-11  1.28E-10  6.03E-08  5.98E-05
  3.81E-11  3.79E-11  3.68E-11  2.86E-11  1.49E-11  1.56E-11  6.86E-10  6.08E-07
  4.79E-11  4.78E-11  4.70E-11  3.93E-11  2.27E-11  1.07E-11  4.70E-11  3.74E-08
  6.58E-11  6.58E-11  6.52E-11  5.88E-11  3.60E-11  1.13E-11  7.93E-12  5.54E-09
  4.83E-11  4.83E-11  4.80E-11  4.45E-11  2.71E-11  6.60E-12  1.60E-12  9.68E-10
  2.51E-11  2.51E-11  2.49E-11  2.33E-11  1.41E-11  3.23E-12  5.94E-13  3.28E-10
  1.08E-11  1.08E-11  1.07E-11  1.01E-11  6.20E-12  1.40E-12  2.34E-13  1.15E-10
  3.08E-12  3.07E-12  3.06E-12  2.91E-12  1.83E-12  4.35E-13  6.83E-14  2.76E-11
  1.91E-11  1.93E-11  2.02E-11  2.70E-11  1.52E-10  2.61E-08  2.53E-05  2.53E-02
  1.23E-11  1.23E-11  1.25E-11  1.41E-11  3.12E-11  1.20E-09  1.05E-06  1.05E-03
  1.78E-11  1.75E-11  1.60E-11  1.35E-11  1.46E-11  1.15E-10  5.53E-08  5.45E-05
  3.60E-11  3.50E-11  2.89E-11  1.80E-11  9.93E-12  1.28E-11  4.85E-10  4.07E-07
  4.49E-11  4.41E-11  3.87E-11  2.80E-11  1.65E-11  8.46E-12  3.31E-11  2.44E-08
  7.06E-11  7.01E-11  6.64E-11  5.62E-11  3.50E-11  1.13E-11  5.99E-12  3.88E-09
  6.23E-11  6.21E-11  6.04E-11  5.35E-11  3.27E-11  8.03E-12  1.34E-12  7.62E-10
  3.47E-11  3.45E-11  3.37E-11  3.02E-11  1.85E-11  4.21E-12  5.25E-13  2.76E-10
  1.55E-11  1.54E-11  1.50E-11  1.36E-11  8.37E-12  1.87E-12  2.12E-13  1.00E-10
  4.49E-12  4.49E-12  4.41E-12  4.01E-12  2.52E-12  5.92E-13  6.34E-14  2.47E-11
  2.07E-11  2.09E-11  2.17E-11  2.75E-11  1.35E-10  2.21E-08  2.14E-05  2.14E-02
  1.32E-11  1.32E-11  1.35E-11  1.51E-11  3.01E-11  1.02E-09  8.90E-07  8.90E-04
  1.02E-11  1.02E-11  1.01E-11  1.00E-11  1.28E-11  1.00E-10  4.32E-08  4.13E-05
  1.68E-11  1.65E-11  1.47E-11  1.06E-11  7.37E-12  1.15E-11  2.62E-10  1.79E-07
  2.73E-11  2.68E-11  2.41E-11  1.76E-11  1.03E-11  5.94E-12  1.88E-11  1.09E-08
  5.10E-11  5.06E-11  4.82E-11  4.04E-11  2.47E-11  8.24E-12  3.88E-12  2.10E-09
  5.60E-11  5.59E-11  5.44E-11  4.79E-11  2.91E-11  7.30E-12  1.01E-12  5.16E-10
  3.40E-11  3.39E-11  3.32E-11  2.95E-11  1.79E-11  4.17E-12  4.25E-13  2.03E-10
  1.58E-11  1.58E-11  1.55E-11  1.39E-11  8.48E-12  1.95E-12  1.80E-13  7.76E-11
  4.74E-12  4.73E-12  4.65E-12  4.23E-12  2.62E-12  6.28E-13  5.62E-14  1.97E-11
  1.45E-11  1.46E-11  1.53E-11  2.02E-11  1.10E-10  1.80E-08  1.74E-05  1.74E-02
  8.12E-12  8.14E-12  8.33E-12  9.59E-12  2.21E-11  8.35E-10  7.27E-07  7.26E-04
  5.12E-12  5.12E-12  5.18E-12  5.53E-12  8.32E-12  8.10E-11  3.13E-08  2.56E-05
  4.77E-12  4.74E-12  4.56E-12  4.10E-12  3.99E-12  9.10E-12  1.39E-10  6.02E-08
  1.02E-11  1.01E-11  9.42E-12  7.32E-12  4.80E-12  3.81E-12  1.11E-11  4.32E-09
  3.09E-11  3.08E-11  2.97E-11  2.53E-11  1.58E-11  5.66E-12  2.59E-12  1.06E-09
  5.16E-11  5.15E-11  5.04E-11  4.47E-11  2.72E-11  7.15E-12  7.42E-13  3.01E-10
  3.62E-11  3.61E-11  3.55E-11  3.18E-11  1.93E-11  4.69E-12  3.28E-13  1.22E-10
  1.82E-11  1.81E-11  1.78E-11  1.61E-11  9.81E-12  2.34E-12  1.45E-13  4.74E-11
  5.68E-12  5.68E-12  5.59E-12  5.09E-12  3.17E-12  7.85E-13  4.80E-14  1.23E-11
  8.38E-12  8.46E-12  8.86E-12  1.18E-11  5.42E-11  1.19E-08  1.17E-05  1.17E-02
  5.10E-12  5.12E-12  5.23E-12  6.03E-12  1.38E-11  6.83E-10  4.58E-07  4.55E-04
  3.03E-12  3.04E-12  3.07E-12  3.29E-12  4.98E-12  5.44E-11  3.37E-09  3.10E-06
  1.47E-12  1.47E-12  1.48E-12  1.52E-12  1.78E-12  4.37E-12  4.40E-11  3.75E-08
  1.15E-12  1.15E-12  1.14E-12  1.11E-12  1.04E-12  1.19E-12  6.98E-12  5.79E-09
  8.34E-12  8.33E-12  8.18E-12  7.27E-12  4.52E-12  1.07E-12  2.03E-12  1.61E-09
  3.26E-11  3.26E-11  3.20E-11  2.84E-11  1.65E-11  2.06E-12  5.58E-13  4.12E-10
  2.92E-11  2.91E-11  2.86E-11  2.55E-11  1.47E-11  1.69E-12  2.25E-13  1.52E-10
  1.64E-11  1.64E-11  1.62E-11  1.44E-11  8.39E-12  9.62E-13  8.95E-14  5.47E-11
  5.51E-12  5.51E-12  5.43E-12  4.91E-12  2.90E-12  3.66E-13  2.53E-14  1.30E-11
  1.09E-11  1.09E-11  1.09E-11  1.13E-11  1.32E-11  3.58E-11  2.51E-09  2.18E-06
  6.69E-12  6.69E-12  6.70E-12  6.79E-12  7.34E-12  1.22E-11  1.88E-10  7.98E-08
  4.02E-12  4.02E-12  4.02E-12  4.05E-12  4.20E-12  5.39E-12  2.43E-11  4.41E-09
  1.98E-12  1.98E-12  1.98E-12  1.98E-12  2.01E-12  2.18E-12  3.81E-12  2.90E-10
  1.11E-12  1.11E-12  1.11E-12  1.11E-12  1.12E-12  1.15E-12  1.42E-12  6.08E-11
  5.99E-13  5.99E-13  5.99E-13  5.99E-13  6.01E-13  6.03E-13  6.26E-13  1.61E-11
  2.46E-13  2.46E-13  2.46E-13  2.46E-13  2.46E-13  2.43E-13  2.29E-13  3.25E-12
  1.18E-13  1.18E-13  1.18E-13  1.18E-13  1.18E-13  1.16E-13  1.06E-13  9.93E-13
  1.03E-11  1.03E-11  1.03E-11  1.06E-11  1.25E-11  3.39E-11  2.37E-09  2.03E-06
  6.32E-12  6.32E-12  6.33E-12  6.41E-12  6.96E-12  1.16E-11  1.76E-10  6.90E-08
  3.98E-12  3.98E-12  3.99E-12  4.00E-12  4.15E-12  5.29E-12  2.29E-11  3.70E-09
  3.11E-12  3.11E-12  3.11E-12  3.12E-12  3.11E-12  3.08E-12  3.86E-12  2.49E-10
  2.44E-12  2.44E-12  2.44E-12  2.44E-12  2.40E-12  2.16E-12  1.56E-12  5.48E-11
  1.46E-12  1.46E-12  1.46E-12  1.45E-12  1.43E-12  1.25E-12  7.16E-13  1.56E-11
  5.61E-13  5.61E-13  5.61E-13  5.60E-13  5.50E-13  4.81E-13  2.63E-13  3.28E-12
  2.46E-13  2.46E-13  2.46E-13  2.45E-13  2.41E-13  2.13E-13  1.21E-13  2.11E-13
  1.28E-11  1.28E-11  1.29E-11  1.39E-11  2.11E-11  2.14E-10  1.10E-07  1.10E-04
  6.37E-12  6.38E-12  6.40E-12  6.57E-12  7.75E-12  2.22E-11  2.08E-09  2.00E-06
  3.65E-12  3.65E-12  3.67E-12  3.70E-12  3.99E-12  6.64E-12  1.69E-10  1.56E-07
  2.09E-12  2.09E-12  2.09E-12  2.10E-12  2.16E-12  2.61E-12  2.61E-11  2.29E-08
  1.87E-12  1.87E-12  1.87E-12  1.86E-12  1.81E-12  1.48E-12  4.19E-12  3.32E-09
  1.77E-12  1.77E-12  1.77E-12  1.76E-12  1.70E-12  1.19E-12  1.34E-12  9.35E-10
  1.14E-12  1.14E-12  1.14E-12  1.13E-12  1.09E-12  7.23E-13  4.79E-13  2.88E-10
  4.33E-13  4.33E-13  4.33E-13  4.31E-13  4.12E-13  2.76E-13  1.24E-13  5.93E-11
  1.79E-13  1.79E-13  1.79E-13  1.79E-13  1.71E-13  1.18E-13  4.54E-14  1.75E-11
  6.96E-11  6.83E-11  6.53E-11  7.11E-11  2.96E-10  4.98E-08  4.84E-05  4.84E-02
  6.65E-11  6.30E-11  5.15E-11  4.07E-11  6.15E-11  2.29E-09  2.03E-06  2.03E-03
  5.20E-11  4.88E-11  3.74E-11  2.50E-11  2.30E-11  2.14E-10  1.13E-07  1.13E-04
  2.86E-11  2.71E-11  2.14E-11  1.49E-11  1.15E-11  2.33E-11  1.72E-09  1.64E-06
  2.30E-11  2.24E-11  1.98E-11  1.65E-11  1.27E-11  1.02E-11  1.35E-10  1.21E-07
  1.92E-11  1.90E-11  1.79E-11  1.60E-11  1.18E-11  5.64E-12  2.09E-11  1.76E-08
  9.59E-12  9.50E-12  9.22E-12  8.42E-12  6.02E-12  2.21E-12  3.43E-12  2.59E-09
  4.40E-12  4.38E-12  4.26E-12  3.93E-12  2.81E-12  9.83E-13  1.11E-12  7.58E-10
  1.80E-12  1.80E-12  1.75E-12  1.63E-12  1.18E-12  4.20E-13  3.89E-13  2.35E-10
  5.13E-13  5.11E-13  5.01E-13  4.68E-13  3.47E-13  1.34E-13  1.01E-13  4.95E-11
  5.28E-11  5.27E-11  5.38E-11  6.35E-11  2.74E-10  4.59E-08  4.46E-05  4.46E-02
  6.70E-11  6.58E-11  6.00E-11  5.15E-11  6.82E-11  2.12E-09  1.87E-06  1.87E-03
  9.81E-11  9.50E-11  7.90E-11  5.18E-11  3.43E-11  2.01E-10  1.04E-07  1.04E-04
  7.47E-11  7.23E-11  5.90E-11  3.58E-11  1.84E-11  2.26E-11  1.55E-09  1.46E-06
  5.47E-11  5.33E-11  4.61E-11  3.26E-11  1.97E-11  1.19E-11  1.20E-10  1.07E-07
  4.11E-11  4.07E-11  3.74E-11  3.05E-11  2.01E-11  8.03E-12  1.90E-11  1.57E-08
  2.01E-11  2.00E-11  1.90E-11  1.66E-11  1.11E-11  3.46E-12  3.25E-12  2.43E-09
  9.23E-12  9.18E-12  8.82E-12  7.82E-12  5.29E-12  1.56E-12  1.08E-12  7.32E-10
  3.76E-12  3.74E-12  3.61E-12  3.24E-12  2.22E-12  6.58E-13  3.82E-13  2.32E-10
  1.05E-12  1.04E-12  1.01E-12  9.18E-13  6.43E-13  2.04E-13  1.00E-13  5.02E-11
  3.87E-11  3.90E-11  4.04E-11  5.09E-11  2.48E-10  4.20E-08  4.08E-05  4.08E-02
  3.59E-11  3.56E-11  3.45E-11  3.36E-11  5.63E-11  1.94E-09  1.71E-06  1.71E-03
  5.40E-11  5.35E-11  5.06E-11  4.37E-11  3.45E-11  1.77E-10  8.49E-08  8.47E-05
  5.16E-11  5.10E-11  4.75E-11  3.79E-11  2.13E-11  2.28E-11  1.29E-09  1.21E-06
  5.41E-11  5.37E-11  5.15E-11  4.45E-11  2.85E-11  1.51E-11  9.60E-11  8.37E-08
  5.50E-11  5.48E-11  5.37E-11  4.92E-11  3.28E-11  1.16E-11  1.52E-11  1.20E-08
  3.10E-11  3.10E-11  3.06E-11  2.87E-11  1.90E-11  5.25E-12  2.74E-12  1.93E-09
  1.47E-11  1.47E-11  1.45E-11  1.37E-11  9.09E-12  2.37E-12  9.34E-13  5.97E-10
  6.04E-12  6.03E-12  5.98E-12  5.68E-12  3.80E-12  9.91E-13  3.44E-13  1.97E-10
  1.69E-12  1.69E-12  1.67E-12  1.60E-12  1.10E-12  3.04E-13  9.37E-14  4.43E-11
  3.55E-11  3.57E-11  3.72E-11  4.66E-11  2.26E-10  3.80E-08  3.69E-05  3.69E-02
  2.78E-11  2.78E-11  2.77E-11  2.91E-11  5.20E-11  1.75E-09  1.54E-06  1.54E-03
  3.43E-11  3.43E-11  3.39E-11  3.04E-11  2.70E-11  1.60E-10  7.66E-08  7.61E-05
  4.04E-11  4.03E-11  3.93E-11  3.18E-11  1.80E-11  2.00E-11  1.02E-09  9.37E-07
  5.12E-11  5.11E-11  5.05E-11  4.42E-11  2.86E-11  1.49E-11  7.22E-11  6.05E-08
  6.55E-11  6.55E-11  6.50E-11  6.03E-11  4.06E-11  1.41E-11  1.19E-11  8.90E-09
  4.31E-11  4.31E-11  4.30E-11  4.06E-11  2.70E-11  7.32E-12  2.28E-12  1.49E-09
  2.15E-11  2.15E-11  2.14E-11  2.04E-11  1.35E-11  3.44E-12  8.20E-13  4.90E-10
  9.05E-12  9.05E-12  9.02E-12  8.62E-12  5.78E-12  1.45E-12  3.12E-13  1.68E-10
  2.56E-12  2.56E-12  2.55E-12  2.45E-12  1.68E-12  4.47E-13  8.83E-14  3.95E-11
  2.58E-11  2.60E-11  2.72E-11  3.59E-11  1.97E-10  3.41E-08  3.31E-05  3.31E-02
  1.81E-11  1.81E-11  1.81E-11  1.97E-11  4.11E-11  1.57E-09  1.38E-06  1.38E-03
  2.96E-11  2.91E-11  2.59E-11  2.03E-11  1.95E-11  1.49E-10  7.46E-08  7.40E-05
  4.06E-11  3.96E-11  3.35E-11  2.18E-11  1.27E-11  1.69E-11  8.04E-10  7.21E-07
  5.16E-11  5.09E-11  4.65E-11  3.70E-11  2.48E-11  1.34E-11  5.60E-11  4.52E-08
  7.69E-11  7.66E-11  7.39E-11  6.57E-11  4.48E-11  1.55E-11  9.68E-12  6.89E-09
  5.83E-11  5.82E-11  5.71E-11  5.21E-11  3.47E-11  9.24E-12  2.00E-12  1.25E-09
  3.05E-11  3.04E-11  2.99E-11  2.75E-11  1.83E-11  4.54E-12  7.49E-13  4.33E-10
  1.32E-11  1.31E-11  1.29E-11  1.20E-11  8.00E-12  1.96E-12  2.92E-13  1.53E-10
  3.76E-12  3.76E-12  3.71E-12  3.46E-12  2.35E-12  6.06E-13  8.39E-14  3.68E-11
  2.37E-11  2.39E-11  2.49E-11  3.27E-11  1.77E-10  3.01E-08  2.92E-05  2.92E-02
  1.43E-11  1.44E-11  1.47E-11  1.67E-11  3.66E-11  1.39E-09  1.22E-06  1.22E-03
  1.49E-11  1.48E-11  1.42E-11  1.32E-11  1.60E-11  1.33E-10  6.32E-08  6.22E-05
  2.43E-11  2.40E-11  2.13E-11  1.49E-11  9.59E-12  1.45E-11  5.12E-10  4.19E-07
  3.61E-11  3.58E-11  3.31E-11  2.62E-11  1.72E-11  9.66E-12  3.55E-11  2.54E-08
  6.34E-11  6.31E-11  6.12E-11  5.41E-11  3.64E-11  1.27E-11  6.73E-12  4.33E-09
  5.65E-11  5.63E-11  5.54E-11  5.04E-11  3.33E-11  8.88E-12  1.58E-12  9.27E-10
  3.13E-11  3.13E-11  3.08E-11  2.83E-11  1.86E-11  4.63E-12  6.29E-13  3.44E-10
  1.39E-11  1.39E-11  1.37E-11  1.27E-11  8.41E-12  2.06E-12  2.56E-13  1.27E-10
  4.06E-12  4.06E-12  4.00E-12  3.73E-12  2.52E-12  6.46E-13  7.59E-14  3.14E-11
  2.15E-11  2.17E-11  2.26E-11  2.94E-11  1.56E-10  2.61E-08  2.53E-05  2.53E-02
  1.24E-11  1.24E-11  1.27E-11  1.44E-11  3.19E-11  1.20E-09  1.05E-06  1.05E-03
  8.39E-12  8.39E-12  8.44E-12  8.79E-12  1.25E-11  1.16E-10  5.11E-08  4.85E-05
  9.82E-12  9.75E-12  9.16E-12  7.51E-12  6.23E-12  1.24E-11  3.04E-10  2.06E-07
  2.13E-11  2.11E-11  2.01E-11  1.67E-11  1.16E-11  7.46E-12  2.19E-11  1.28E-08
  5.49E-11  5.48E-11  5.36E-11  4.83E-11  3.29E-11  1.16E-11  4.60E-12  2.49E-09
  6.38E-11  6.37E-11  6.28E-11  5.76E-11  3.81E-11  1.02E-11  1.18E-12  5.88E-10
  3.86E-11  3.86E-11  3.81E-11  3.51E-11  2.31E-11  5.77E-12  4.93E-13  2.25E-10
  1.79E-11  1.79E-11  1.77E-11  1.64E-11  1.08E-11  2.66E-12  2.08E-13  8.43E-11
  5.36E-12  5.36E-12  5.29E-12  4.95E-12  3.34E-12  8.53E-13  6.49E-14  2.12E-11
  1.24E-11  1.25E-11  1.32E-11  1.75E-11  8.18E-11  1.87E-08  1.85E-05  1.85E-02
  7.54E-12  7.56E-12  7.75E-12  8.95E-12  2.05E-11  1.07E-09  8.76E-07  8.72E-04
  4.47E-12  4.48E-12  4.53E-12  4.86E-12  7.36E-12  8.09E-11  1.37E-08  1.33E-05
  2.15E-12  2.15E-12  2.16E-12  2.21E-12  2.57E-12  6.39E-12  1.76E-10  1.67E-07
  4.51E-12  4.51E-12  4.47E-12  4.25E-12  3.43E-12  2.25E-12  2.29E-11  2.12E-08
  3.00E-11  3.00E-11  2.96E-11  2.72E-11  1.79E-11  3.23E-12  5.53E-12  4.89E-09
  5.27E-11  5.26E-11  5.20E-11  4.76E-11  2.99E-11  3.72E-12  1.29E-12  1.05E-09
  3.61E-11  3.61E-11  3.56E-11  3.27E-11  2.04E-11  2.36E-12  4.81E-13  3.64E-10
  1.78E-11  1.78E-11  1.76E-11  1.62E-11  1.02E-11  1.18E-12  1.79E-13  1.25E-10
  5.51E-12  5.51E-12  5.45E-12  5.06E-12  3.24E-12  4.15E-13  4.70E-14  2.87E-11
  2.00E-11  2.04E-11  2.31E-11  4.51E-11  1.10E-09  7.69E-07  7.68E-04  7.68E-01
  1.25E-11  1.26E-11  1.31E-11  1.67E-11  7.03E-11  1.53E-08  1.51E-05  1.51E-02
  2.68E-11  2.51E-11  2.11E-11  1.82E-11  2.50E-11  8.84E-10  5.74E-07  5.61E-04
  1.12E-10  9.94E-11  6.65E-11  3.70E-11  1.99E-11  7.06E-11  3.85E-09  3.47E-06
  1.62E-10  1.43E-10  8.93E-11  4.11E-11  1.34E-11  6.18E-12  5.48E-11  4.67E-08
  1.09E-10  9.74E-11  6.17E-11  2.81E-11  8.35E-12  1.89E-12  1.03E-11  8.70E-09
  5.70E-11  5.19E-11  3.41E-11  1.62E-11  4.85E-12  7.85E-13  3.34E-12  2.82E-09
  1.93E-11  1.79E-11  1.23E-11  6.16E-12  1.91E-12  2.70E-13  9.58E-13  7.90E-10
  7.64E-12  7.17E-12  5.06E-12  2.60E-12  8.30E-13  1.22E-13  3.78E-13  3.00E-10
  2.87E-12  2.72E-12  1.96E-12  1.03E-12  3.39E-13  5.46E-14  1.45E-13  1.09E-10
  1.64E-11  1.67E-11  1.89E-11  3.67E-11  8.65E-10  6.03E-07  6.02E-04  6.02E-01
  7.60E-12  7.68E-12  8.09E-12  1.10E-11  5.33E-11  1.19E-08  1.17E-05  1.17E-02
  5.91E-12  5.86E-12  5.80E-12  6.33E-12  1.35E-11  6.84E-10  4.14E-07  4.07E-04
  3.76E-11  3.55E-11  2.81E-11  2.03E-11  1.64E-11  6.03E-11  2.49E-09  2.19E-06
  2.35E-10  2.17E-10  1.49E-10  7.60E-11  2.98E-11  8.04E-12  3.48E-11  2.82E-08
  2.53E-10  2.33E-10  1.58E-10  7.56E-11  2.45E-11  3.02E-12  6.75E-12  5.46E-09
  1.62E-10  1.51E-10  1.04E-10  4.94E-11  1.51E-11  1.33E-12  2.42E-12  2.00E-09
  6.12E-11  5.75E-11  4.07E-11  1.99E-11  6.00E-12  4.51E-13  7.82E-13  6.45E-10
  2.51E-11  2.38E-11  1.71E-11  8.52E-12  2.59E-12  1.97E-13  3.25E-13  2.62E-10
  9.55E-12  9.15E-12  6.68E-12  3.39E-12  1.05E-12  8.46E-14  1.28E-13  9.84E-11
