   1.3981513410433785E-003
   1.4680588414264961E-003
   1.5414617134953204E-003
   1.6185347256674641E-003
   1.6994613847730873E-003
   1.7844343729751079E-003
   1.8736560065354018E-003
   1.9673387175192913E-003
   2.0657055595852355E-003
   2.1689907390639806E-003
   2.2774401725916414E-003
   2.3913120726244135E-003
   2.5108775622289890E-003
   2.6364213206124662E-003
   2.7682422609287246E-003
   2.9066542419750835E-003
   3.0519868154737628E-003
   3.2045860107173790E-003
   3.3648151584466791E-003
   3.5330557559221233E-003
   3.7097083752490028E-003
   3.8951936171187731E-003
   4.0899531122374063E-003
   4.2944505728251146E-003
   4.5091728966910093E-003
   4.7346313265114407E-003
   4.9713626670721978E-003
   5.2199305633727627E-003
   5.4809268426357152E-003
   5.7549729234165434E-003
   6.0427212951688772E-003
   6.3448570717879165E-003
   6.6620996228309512E-003
   6.9952042862988333E-003
   7.3449641670564414E-003
   7.7122120251740794E-003
   8.0978222586858568E-003
   8.5027129854858951E-003
   8.9278482293192393E-003
   9.3742402150722229E-003
   9.8429517788272275E-003
   1.0187454762542219E-002
   1.0544015339188207E-002
   1.0913055524115313E-002
   1.1295012103196823E-002
   1.1690337149797008E-002
   1.2099498559832804E-002
   1.2522980605562615E-002
   1.2961284508757732E-002
   1.3414929033934708E-002
   1.3884451102350858E-002
   1.4370406427489584E-002
   1.4873370172787656E-002
   1.5393937632382934E-002
   1.5932724935688234E-002
   1.6490369776625251E-002
   1.7067532168381659E-002
   1.7664895224584670E-002
   1.8283165967815644E-002
   1.8923076166422689E-002
   1.9585383200621673E-002
   2.0270870958910739E-002
   2.0980350765859298E-002
   2.1714662342369614E-002
   2.2474674799547498E-002
   2.3261287667358455E-002
   2.4075431959286759E-002
   2.4918071274257558E-002
   2.5790202937126212E-002
   2.6692859179084732E-002
   2.7627108359382400E-002
   2.8594056229806555E-002
   2.9594847243420187E-002
   3.0630665909105292E-002
   3.1702738193515198E-002
   3.2812332972095182E-002
   3.3960763530888741E-002
   3.5149389120907065E-002
   3.6379616566901377E-002
   3.7652901932442216E-002
   3.8970752243276501E-002
   4.0334727271001986E-002
   4.1746441379170281E-002
   4.3207565434003427E-002
   4.4719828781985459E-002
   4.6285021296669622E-002
   4.7904995497123799E-002
   4.9581668740521397E-002
   5.1317025491472906E-002
   5.3113119670783936E-002
   5.4972077086419741E-002
   5.6896097949553401E-002
   5.8887459478675616E-002
   6.0948518594848247E-002
   6.3081714711291648E-002
   6.5289572620607458E-002
   6.7574705483054123E-002
   6.9939817919411881E-002
   7.2387709212098014E-002
   7.4921276618320973E-002
   7.7543518799194799E-002
   8.0257539368872435E-002
   8.3066550567898578E-002
   8.5973877065129781E-002
   8.8982959892721578E-002
   9.2097360518840113E-002
   9.5320765062918464E-002
   9.8656988658446826E-002
  0.10063012654988304     
  0.10264272716151336     
  0.10469557974698898     
  0.10678948934501906     
  0.10892527709507158     
  0.11110378055938823     
  0.11332585405143955     
  0.11559236897094921     
  0.11790421414561873     
  0.12026229617968669     
  0.12266753980945916     
  0.12512088826595069     
  0.12762330364477814     
  0.13017576728345237     
  0.13277928014621571     
  0.13543486321657625     
  0.13814355789769275     
  0.14090642642076734     
  0.14372455226160588     
  0.14659904056550971     
  0.14953101858066511     
  0.15252163610020059     
  0.15557206591308526     
  0.15868350426404529     
  0.16185717132267854     
  0.16509431166195157     
  0.16839619474626649     
  0.17176411542928929     
  0.17519939446173458     
  0.17870337900930602     
  0.18227744318099570     
  0.18592298856794928     
  0.18964144479310868     
  0.19343427007184735     
  0.19730295178381840     
  0.20124900705623960     
  0.20527398335884420     
  0.20937945911073055     
  0.21356704429934892     
  0.21783838111186779     
  0.22219514457916775     
  0.22663904323271505     
  0.23117181977457266     
  0.23579525176081156     
  0.24051115229859030     
  0.24532137075717592     
  0.25022779349318564     
  0.25523234459033295     
  0.26033698661396898     
  0.26554372138071441     
  0.27085459074348417     
  0.27627167739221253     
  0.28179710567059274     
  0.28743304240915135     
  0.29318169777498415     
  0.29904532613848672     
  0.30502622695741954     
  0.31112674567865434     
  0.31734927465795570     
  0.32369625409815778     
  0.33017017300610485     
  0.33677357016873066     
  0.34350903514865921     
  0.35037920929971750     
  0.35738678680275882     
  0.36453451572220202     
  0.37182519908370198     
  0.37926169597337317     
  0.38684692265899784     
  0.39458385373365829     
  0.40247552328224173     
  0.41052502607127517     
  0.41873551876255721     
  0.42711022115106217     
  0.43565241742760247     
  0.44436545746674411     
  0.45325275814048049     
  0.46231780465817984     
  0.47156415193333112     
  0.48099542597762535     
  0.49061532532291818     
  0.50042762247163186     
  0.51043616537616510     
  0.52064487894789113     
  0.53105776659633597     
  0.54167891179913963     
  0.55251247970341710     
  0.56356271875914621     
  0.57483396238522333     
  0.58633063066884006     
  0.59805723209884765     
  0.61001836533378817     
  0.62221872100528697     
  0.63466308355751244     
  0.64735633312342500     
  0.66030344743855129     
  0.67350950379303354     
  0.68697968102271989     
  0.70071926154007669     
  0.71473363340571894     
  0.72902829244137113     
  0.74360884438508734     
  0.75848100708957600     
  0.77365061276449043     
  0.78912361026356581     
  0.80490606741749871     
  0.82100417341348386     
  0.83742424122234171     
  0.85417271007418871     
  0.87125614798362094     
  0.88868125432540113     
  0.90645486246165941     
  0.92458394242163822     
  0.94307560363503184     
  0.96193709771999281     
  0.98117582132689862     
   1.0007993190389930     
   1.0208152863310407     
   1.0412315725871550     
   1.0620561841789820     
   1.0832972876054474     
   1.1049632126953004     
   1.1270624558737057     
   1.1496036834941694     
   1.1725957352371026     
   1.1960476275763559     
   1.2199685573150849     
   1.2443679051923331     
   1.2692552395617456     
   1.2946403201438581     
   1.3205331018534308     
   1.3469437387033294     
   1.3738825877864831     
   1.4013602133374821     
   1.4293873908754069     
   1.4579751114295141     
   1.4871345858494360     
   1.5168772492015836     
   1.5472147652534778     
   1.5781590310477676     
   1.6097221815677283     
   1.6419165944960687     
   1.6747548950689164     
   1.7082499610268802     
   1.7424149276651355     
   1.7772631929845109     
   1.8128084229455959     
   1.8490645568279311     
   1.8860458126963822     
   1.9237666929768409     
   1.9622419901434400     
   2.0014867925195130     
   2.0415164901945722     
   2.0823467810596266     
   2.1239936769632064     
   2.1664735099905061     
   2.2098029388681133     
   2.2539989554968294     
   2.2990788916151477     
   2.3450604255960008     
   2.3919615893794428     
   2.4398007755439850     
   2.4885967445193580     
   2.5383686319435292     
   2.5891359561668605     
   2.6409186259063486     
   2.6937369480529503     
   2.7476116356350544     
   2.8025638159412227     
   2.8586150388053846     
   2.9157872850577373     
   2.9741029751446630     
   3.0335849779210440     
   3.0942566196184234     
   3.1561416929925303     
   3.2192644666537555     
   3.2836496945842337     
   3.3493226258452706     
   3.4163090144789168     
   3.4846351296075717     
   3.5543277657355827     
   3.6254142532568725     
   3.6979224691727208     
   3.7718808480239017     
   3.8473183930414621     
   3.9242646875205165     
   4.0027499064215180     
   4.0828048282035523     
   4.1644608468943014     
   4.2477499844014002     
   4.3327049030700273     
   4.4193589184916400     
   4.5077460125688908     
   4.5979008468418368     
   4.6898587760806745     
   4.7836558621503311     
   4.8793288881523429     
   4.9769153728495770     
   5.0764535853794408     
   5.1779825602613618     
   5.2815421127044093     
   5.3871728542210766     
   5.4949162085533301     
   5.6048144279171872     
   5.7169106095721798     
   5.8312487127222070     
   5.9478735757544090     
   6.0668309338228115     
   6.1881674367836510     
   6.3119306674893974     
   6.4020015899299043     
   6.4933578197504618     
   6.5860176982205525     
   6.6799998283386230     
   6.7753230785669416     
   6.8720065866197499     
   6.9700697633054798     
   7.0695322964237848     
   7.2109228075116327     
   7.3551411261244279     
   7.5022438083587328     
   7.6522885414319628     
   7.8053341663047808     
   7.9614407007559418     
   8.1206693629186297     
   8.2830825952875262     
   8.4487440892060146     
   8.6177188098431294     
   8.7900730216700502     
   8.9658743144461130     
   9.1451916297245539     
   9.3280952878883578     
   9.5146570157268275     
   9.7049499745636840     
   9.8990487889477272     
   10.097029575917309     
   10.298969974850101     
   10.504949177909840     
   10.715047961102032     
   10.929348715950752     
   11.147935481808984     
   11.370893978815168     
   11.598311641508880     
   11.830277653118820     
   12.066882980536558     
   12.308220409989762     
   12.554384583428883     
   12.805472035641579     
   13.061581232109415     
   13.322812607621712     
   13.589268605661662     
   13.861053718580166     
   14.138274528573151     
   14.421039749478428     
   14.709460269408492     
   15.003649194235972     
   15.303721891948793     
   15.609796037892439     
   15.921991660917056     
   16.240431190447506     
   16.565239504494812     
   16.896543978627840     
   17.234474535924395     
   17.579163697921370     
   17.930746636583859     
   18.289361227313684     
   18.655148103018075     
   19.028250709259723     
   19.408815360509838     
   19.796991297526262     
   20.192930745879146     
   20.596788975647140     
   21.008724362307511     
   21.428898448844045     
   21.857476009097123     
   22.294625112380796     
   22.740517189392186     
   23.195327099439087     
   23.659233199012114     
   24.132417411728294     
   24.615065299673528     
   25.107366136171887     
   25.609512980010319     
   26.121702751147829     
   26.644136307938844     
   27.177018525901051     
   27.720558378058580     
   28.274969016892062     
   28.840467857927667     
   29.417276664997949     
   30.005621637207884     
   31.055817392964485     
   32.142769965118504     
   33.267765841016953     
   34.432136535021058     
   35.637260164450247     
   36.884563080684117     
   38.175521557352944     
   39.511663537614794     
   40.894570442587259     
   42.939297014711549     
   45.086259817941887     
   47.340570658958583     
   49.707596934532191     
   52.192974411015875     
   54.802620642811711     
   57.542749061759707     
   60.419883770995597     
   63.440875078500810     
   66.612915807329188     
   69.943558421344306     
   73.440733007242756     
   77.112766155677846     
   80.968400786438508     
   85.016816964886218     
   89.267653759212791     
   93.731032190560001     
   98.417579330644102     
   103.33845360426042     
   108.50537135691199     
   113.93063475081830     
   119.62716105572321     
   125.60851340424182     
   131.88893308497325     
   138.48337345026749     
   145.40753551937905     
   152.67790536177640     
   160.31179334961536     
   168.32737537283413     
   176.74373611500110     
   185.58091449295307     
   194.85995136841314     
   204.60293964518723     
   214.83307687121817     
   225.57472047073969     
   236.85344573803582     
   248.69610673088522     
   261.13090020867503     
   274.18743276741714     
   287.89679133151236     
   302.29161717009919     
   317.40618361421656     
   333.27647765982113     
   349.94028565095135     
   367.43728324704580     
   385.80912988862309     
   405.09956798624131     
   425.35452706890072     
   446.62223313986135     
   468.95332350024677     
   492.40096731382209     
   517.02099220000537     
   542.87201715652361     
   570.01559212819484     
   598.51634455414307     
   628.44213324236694     
   659.86420993802915     
   692.85738897015312     
   727.50022538064593     
   763.87520195976424     
   802.06892563334441     
   842.17233366938490     
   884.28091019494786     
   928.49491353889562     
   974.91961494175280     
